5000
5000
2081 3619
2779 2556
4025 163
2942 2539
4075 189
2823 2189
3571 1168
1474 2823
3383 649
1432 2052
1218 645
1053 1833
2651 3651
1611 1512
1267 3727
4182 2237
4827 3905
3335 3268
1627 2212
3697 2241
884 4015
3335 4902
1504 2223
484 3001
2908 4619
4321 2875
4501 87
2442 3850
2760 834
3985 1807
1880 2632
1018 593
3579 4952
4806 3905
1310 22
2384 4724
1597 475
1570 2844
2052 2616
1729 4407
1641 3727
2293 4310
3750 2
1491 584
3620 3898
1747 3124
4603 4089
793 570
443 4008
4808 1107
55 3794
914 3796
445 2255
1001 4712
2559 3498
4802 1051
1404 35
3821 3047
4719 1014
1086 2907
4071 835
351 4127
2414 3972
108 2897
4643 2921
4645 1947
992 2231
2463 1234
2804 4573
1211 1225
2921 2942
3798 1332
2559 1601
3312 797
4208 1556
4461 1963
2258 4061
1919 886
4496 4848
2297 12
3969 1628
1477 1215
4239 3325
2152 1573
2290 2075
857 511
2075 2282
4709 4338
2281 4097
3486 1737
951 3419
2391 776
1980 2872
4730 4643
89 2517
3930 4869
1647 1712
1025 1778
2703 3205
4435 373
3111 4180
3825 1218
1036 4192
216 174
3226 3905
543 4417
942 4715
3508 2443
621 3845
4984 2101
4138 2107
870 3987
3524 757
2520 2449
3133 2526
618 2859
4796 1477
365 3371
3108 4759
4446 4982
1987 2387
1220 2255
1628 372
1693 2995
4477 1355
1209 4868
1474 3859
238 4567
4192 3555
4707 4093
2795 2024
3069 4285
816 4536
2244 1401
243 1359
3911 4292
2963 358
2060 483
145 4215
2801 1153
3109 3715
158 2392
1345 2388
456 4927
195 1667
3840 2991
3295 2739
362 4741
3139 2124
1231 1444
4258 2665
2603 1368
1898 3394
2335 2555
134 2227
3496 3435
4604 1179
4790 530
3255 1206
4790 1389
2158 348
3817 1582
3548 3807
3875 4291
2246 1297
4460 4684
3800 4524
714 4944
4400 4232
2613 3905
1001 3624
2210 3419
4042 2301
1729 481
2789 825
1575 1224
4408 4414
1933 418
2703 725
1495 1621
1888 3647
3125 954
4285 2480
3429 2910
4686 4174
2447 1380
4124 2286
2112 1384
2487 2552
120 4869
4273 2942
4436 3273
25 4825
2060 3844
3730 228
2662 2525
3785 1439
465 4300
330 3821
1067 1201
115 1406
4820 332
3127 3838
2393 3651
2540 2212
3609 4439
461 492
307 4982
3498 22
2359 2003
3307 796
1752 3602
1489 112
1881 2597
1037 3644
396 1321
143 31
1076 1401
1368 2439
1181 1594
4552 194
1302 4886
3777 4075
2158 2297
2041 4339
2436 935
76 430
3446 2556
1097 3266
699 2234
736 2131
3745 4183
498 2906
4760 3900
3761 753
4324 255
4699 1344
2239 2682
4963 468
3132 4073
2128 2771
1958 4088
4853 473
767 3323
1127 2829
3353 3469
3906 1900
1993 1873
2221 4254
2678 2924
4073 4644
2007 2561
1101 1400
3186 2899
1037 701
2326 1471
4783 2987
4746 1807
1924 1421
2707 3064
4661 1778
66 1284
2380 3711
1884 2106
2390 4603
2064 4433
4648 1065
2484 1640
4007 2194
1953 3761
2110 1512
4682 1921
148 4612
713 4426
419 2762
3395 450
1035 4664
3494 2266
444 3754
1506 3039
1744 3209
2525 275
526 2255
925 3349
96 4940
2547 1701
2782 4285
1018 4921
2993 1191
4748 572
2417 480
2205 3689
1151 2159
1374 132
4532 4839
1171 337
1416 4648
142 3043
3148 2102
2258 1239
4872 4944
2480 4494
2286 3730
2573 4719
2469 3155
4930 346
351 4112
1947 2398
1683 1367
1289 4579
4228 4013
2240 3161
4263 4441
3553 368
4153 934
1969 1174
1239 1181
4761 436
4445 1777
4764 1593
800 2169
3939 2885
155 409
2132 3895
1398 3417
2183 520
4306 3804
3984 614
3318 1531
4072 3642
4677 3840
3628 3114
1686 2707
2140 1256
1131 73
3013 3633
1498 799
2448 3382
1599 3163
1825 1942
832 60
1776 658
136 885
2211 4816
4116 4894
2106 3434
4081 267
4890 1076
1796 1259
1203 4224
3392 4922
4946 3253
3364 1231
472 2484
3658 3695
544 538
570 2408
829 2466
1813 63
402 2312
4282 2459
576 2478
4740 4151
3588 4163
601 1516
3589 4318
4277 3076
4674 2136
1357 2040
2587 1488
845 1420
4155 124
3546 3950
2789 46
3145 3010
2444 285
2694 344
465 1296
2038 220
3520 2831
518 2846
3915 2466
4769 2272
3694 3343
2013 4947
2185 3544
4350 4530
3962 115
1394 980
832 360
2340 174
1273 479
770 487
380 2199
983 803
3760 4024
1961 3129
2156 218
3716 1581
388 1068
3693 990
2579 2862
3831 1993
3315 1127
578 1228
2574 2847
919 3612
4369 2654
1821 1055
556 2556
2495 2747
555 4263
636 1781
1904 3472
2590 3475
3958 4301
59 4099
2247 2057
2127 1737
4760 3512
1904 149
3400 604
2577 4795
3692 858
1592 2481
2350 4101
3463 2796
1441 2290
1006 555
4159 307
2943 1682
1827 4893
2017 4625
3191 3705
2807 4867
2400 1678
3918 40
2861 3693
1098 2099
163 876
4313 540
540 1700
1342 1886
2235 3571
3928 674
809 4515
144 1019
676 2489
279 2992
707 79
1973 4862
2467 802
1643 4107
4277 2988
3330 2996
2981 763
2362 832
333 3000
3596 3034
1576 3818
2336 59
4959 529
2384 3709
4983 1603
779 313
4489 1506
2491 3762
1297 3515
3031 3880
4464 696
530 671
3778 4423
346 821
4193 898
346 3775
2752 4109
4776 924
2048 523
4352 616
710 2282
559 227
2683 4562
2224 888
4099 1545
3851 4966
159 2242
2777 66
2627 3713
2545 3323
4048 3801
2255 4541
2899 3654
4988 3355
2510 3981
3768 2782
4834 4582
624 3327
4541 4494
4592 2749
2302 4134
4417 1320
4847 3215
3191 736
1648 4691
875 3836
4331 1852
10 524
2350 3907
4380 3593
1292 1442
2270 2071
3252 322
1832 89
3640 2862
3312 517
4936 814
4742 3068
3517 3318
3686 3932
3166 3364
4297 1110
1430 1493
4651 712
3339 2720
902 4867
4521 449
1166 4582
533 264
3316 2609
131 2648
3540 59
1721 2760
4142 1613
1073 3661
736 4893
3683 4886
4242 1028
1736 2287
17 3112
4944 1911
2220 4507
1517 1673
3582 2191
1499 1646
1837 162
4122 2214
4345 3283
1754 1548
3645 3526
133 3843
1559 3626
1022 3488
3274 4626
721 3782
3180 1926
4062 2896
905 3091
3249 4267
3846 2279
565 1257
4975 4790
340 2767
2297 4024
3849 1511
720 3120
4822 2071
251 2318
3414 2297
1915 3382
1980 4633
2688 2824
730 3738
1796 3590
732 4425
3005 3312
3994 4240
4207 4267
4633 3749
2704 3598
995 2072
2867 1699
4498 1936
2998 3180
281 3487
2691 2692
2675 4801
3506 1346
4634 3985
462 4826
3961 3085
3084 867
1883 4125
671 2481
4562 4999
4598 2588
2368 3830
1716 1360
4473 311
4048 4956
1839 1690
1643 843
669 2375
3100 3661
765 2438
4999 1927
2114 3430
2625 663
670 3231
54 97
902 1760
3828 4445
2465 4017
61 510
4404 3506
2329 988
392 411
3434 1755
3915 2978
909 906
2379 4080
2744 413
1174 4028
2686 2772
3221 3126
413 3897
4860 4653
905 1326
4916 4418
558 1773
4394 3243
1674 4166
3445 2121
4319 860
3131 1722
2190 1856
4613 4791
1335 2789
3734 1335
2931 410
3760 3019
1962 3691
2839 736
3677 225
499 4360
3173 381
787 4193
209 3857
421 620
2565 319
3663 1167
1694 3391
2113 1444
1078 4286
3096 2152
2694 4874
2741 4589
1959 2431
4436 40
3896 3733
206 3707
1668 3111
743 1508
2697 1181
3824 3644
4977 2251
2814 4706
3244 4184
4609 1686
2685 3880
4374 3766
2033 3451
102 3444
3371 3547
4949 333
2387 1634
2771 1219
3674 2554
1334 997
4047 3578
367 2714
1973 2808
2856 122
1603 370
1508 3029
1338 2931
2151 1225
4043 1197
4802 3336
3735 3593
2361 3863
3932 3640
388 2569
3335 3670
121 1850
1436 1385
4208 1085
3536 3326
462 63
1432 1869
2395 1329
1655 2608
1660 3065
3412 3352
4745 4025
361 2208
2496 3543
3869 1176
4824 2036
4011 3411
2047 277
4113 1097
1261 2589
1210 2398
3423 4065
4365 2449
2781 1570
4123 1118
2067 1367
1532 1397
4644 848
1187 4424
3498 4348
2478 3025
2368 1812
2471 3817
1681 4318
4789 3506
1013 1523
4820 4839
2851 1513
3024 2591
1834 4673
3366 2269
4310 3754
2932 2954
1146 3868
2052 2194
1192 4846
4221 971
3266 2257
3298 1457
317 1867
305 4197
2129 93
340 3409
2674 3461
2908 4773
754 4677
729 902
2036 2722
4931 2097
4547 3974
1405 1332
1849 550
3300 2398
688 3180
4484 2602
181 3806
1731 3768
2423 2829
4108 2148
421 383
2550 3293
4365 2918
51 1087
4774 4863
3457 3802
1135 3332
84 576
3469 1602
1858 995
41 4428
293 3813
120 3302
261 4901
3193 2458
772 2649
2987 1927
4112 1223
772 2989
4364 4738
4746 2146
1151 379
4174 352
555 1542
4397 652
3175 3353
4398 2369
1390 2864
2286 235
3710 2764
3854 4677
2826 2999
748 107
1737 1393
3414 1192
2548 294
3770 130
4059 598
1193 4489
1881 3548
1287 2756
1172 1208
3045 3115
1806 4677
3320 1766
2895 403
4039 4620
4456 2766
3376 4949
1513 2341
4051 217
4620 3276
2014 3103
3719 2002
3103 4831
518 1868
925 2000
3520 3128
1848 835
1973 2707
3124 1973
622 4356
4123 1017
2341 2942
1999 460
4512 4482
2436 1840
3842 2891
3484 3033
4067 1304
785 4003
1859 1541
4982 1442
3915 994
2558 2656
4036 610
3804 1282
2053 3062
4121 2628
2681 2904
1994 2489
2623 4240
2215 1715
1145 3594
2694 2881
3589 2598
613 460
255 1791
3963 4273
261 2573
4968 3002
4369 3579
3536 1157
3779 1737
396 2019
1669 827
1664 3826
2181 1784
4862 2716
686 2292
4938 4950
263 638
4069 866
514 4747
4707 37
398 3337
3212 2465
3830 3181
3918 1164
3016 2909
4729 736
143 711
3106 1593
18 2777
1713 58
3242 4174
3579 608
800 623
4024 2709
276 2775
1302 4110
3319 582
1356 3590
3890 520
4072 4953
133 3083
3810 2482
1289 4340
3110 4029
422 371
1622 4813
1590 4578
646 4663
664 4378
3470 661
3478 1197
636 4797
4679 3709
1247 1552
3270 3428
3725 1851
753 3482
3382 1305
635 3931
2590 2398
818 2438
1855 2654
3945 2855
3253 684
1759 4781
4984 755
1439 2157
2957 2465
3774 285
3573 1879
640 3898
3861 1546
3620 4906
3061 813
707 1187
1761 965
557 1466
1483 659
2652 2685
2790 3414
1430 10
53 3430
719 933
3050 2530
2101 862
1063 307
370 2912
4881 3607
742 692
7 2959
155 4588
2591 185
2631 1456
3282 4366
4605 596
1380 925
4276 2360
3477 1023
2934 1503
178 4513
3211 2001
2716 4573
172 2513
7 3977
2080 423
837 2862
1986 830
4209 4578
4944 4095
3293 4247
2422 2037
3180 2097
4993 3887
1824 1148
1437 4242
3509 1580
2168 2628
444 2332
3540 4778
4753 1040
4937 2275
1734 3738
4640 970
942 1392
337 3695
1018 1204
2494 2127
4024 3427
1478 304
4382 1695
3651 4966
4299 765
2100 1865
1079 176
2716 2196
2271 2884
2793 1816
2690 1539
3550 4751
1974 172
3753 1137
667 407
2733 2714
2510 4018
4105 2394
1536 623
4040 3500
2341 1211
2207 3039
3342 2433
1883 3728
3959 3405
3256 4662
2169 1554
1994 4661
1905 3109
2176 3204
1031 239
4052 3631
1193 2990
1028 2229
2965 876
1100 1026
3058 2015
4410 1143
2088 2008
601 941
2875 1012
2239 4686
3316 1894
4774 4924
4392 2643
3358 3080
4895 1060
74 2516
4774 3591
2279 881
806 2439
520 3314
3346 288
1284 1247
3325 1948
3294 2364
4394 600
4956 3631
682 855
3049 2517
4514 4062
2324 2989
4514 4230
4087 2059
3927 950
2016 4455
4273 4871
3467 3276
246 4878
4382 4833
4445 2717
4907 4019
636 4209
4482 1401
435 4245
3460 3671
3711 3967
2033 4092
832 1614
443 3027
986 4490
2297 3478
64 1844
3741 350
340 2601
2662 276
1369 3531
4503 1556
2698 1320
3638 2389
4879 1593
3878 2490
2495 4012
3213 3643
1193 611
783 4141
1410 1163
4841 3990
4586 126
2190 4186
934 3777
2078 3569
1528 1079
1682 30
3898 1060
1857 3105
2703 4098
3519 390
171 127
896 3076
2933 621
2633 1232
4940 4826
2176 4575
4719 2549
23 3447
4268 431
701 1726
938 1591
2812 1785
1422 1893
2804 479
730 1160
3231 1140
3697 4984
1347 2647
1173 1117
3155 3411
4026 197
4062 1586
1064 2874
2767 2917
212 2978
3115 3165
2679 3534
4398 486
998 2667
4974 3478
3440 4628
4054 875
995 93
957 1218
4104 74
925 4065
722 982
4372 958
2939 4772
4838 4821
2200 2146
1545 4277
1984 3689
2623 4740
1544 3070
464 4303
2882 4572
2965 1067
3257 2144
2174 3263
2454 2372
1741 3287
463 2916
441 1747
4555 2156
4652 2741
1215 4768
317 3671
468 3146
2063 4371
3462 4455
56 1425
4894 3210
1667 3212
4937 176
3943 69
120 2763
781 1655
3878 496
2141 1929
3709 4320
4290 4359
3377 1994
3681 1906
4395 3031
967 4235
231 4685
2112 1132
1918 4517
2512 2247
589 1142
4982 4788
3300 3919
2380 296
1985 2792
2969 1473
1146 1202
183 3163
2262 1786
2637 3925
1421 2082
3285 2189
3659 4048
4591 2528
4553 518
3317 2387
1820 2192
405 589
4972 4889
1570 3778
3502 1574
4147 2657
2571 1697
3395 959
1023 2447
4159 2099
931 3099
3475 3095
4731 4065
2518 3173
3496 307
241 2656
4055 1400
3163 1319
2328 416
832 1877
2512 1681
3493 3348
1303 1957
4718 2765
2595 4650
4481 2633
723 856
1840 2419
3117 3079
347 2956
4673 2334
4700 4014
2476 805
2601 3922
2286 4476
349 3482
716 3530
551 775
2262 4727
137 4524
138 4770
3754 2337
2152 667
749 3801
4859 1754
176 2380
2334 4167
4006 454
2789 3039
1533 374
1008 878
905 4224
1532 1911
4287 1747
4281 3366
315 1724
4205 2118
3858 4010
4439 3371
721 4879
2605 2778
4988 1605
2222 4180
1071 2719
457 3311
4601 2603
2181 4684
948 4239
2255 1970
3031 2993
4823 66
4524 950
1634 1657
3442 3836
2857 1265
379 2247
1481 624
4359 2344
410 2335
632 3793
3016 2484
1748 3418
4301 208
1879 4936
3245 4418
2110 1856
2784 331
188 1408
1675 4944
4809 3039
2711 1819
142 1512
193 1442
2370 1691
3833 2591
784 4676
1019 4662
1527 3506
384 3834
4360 1809
3654 3176
3172 4121
2876 978
4300 884
791 4829
927 4524
1224 2859
1983 3947
492 2386
124 568
4058 3908
3615 265
817 741
296 3268
4103 1816
1105 1676
2987 1362
129 3978
1172 1061
3323 1778
199 1447
4428 570
2541 1208
3880 686
4154 3552
917 3167
3304 2446
1110 4071
3386 3890
3585 526
761 868
3794 3408
3251 4266
854 429
2014 3302
4257 1600
178 4550
3464 209
228 3883
3416 3203
612 1178
357 4382
1904 614
3692 2566
3830 4260
1457 4882
2574 1437
2129 638
4478 2679
4402 1225
2548 3061
3942 2720
2839 4450
4132 4401
711 3442
527 825
1168 882
1893 4591
2644 1083
3505 382
2838 4267
1521 3471
4975 931
4912 4852
1036 3802
4397 31
350 3216
2347 81
2569 4532
3303 2283
1789 311
2677 360
352 3999
1324 4313
2627 1725
2213 232
4600 2007
4111 2381
1275 1383
222 3028
1654 2593
3624 2861
210 3729
583 1443
3453 3091
1257 3430
879 1441
1187 3505
4644 521
82 3516
2941 1580
3784 3619
1743 1073
4301 4533
2 3407
4260 1750
2547 3438
3017 29
66 2951
4010 2319
2509 3743
2819 3362
1707 1233
2128 2091
4042 3593
3079 4320
3434 2209
4683 2031
1832 3887
2802 1973
1108 4629
2280 2064
3075 2104
3746 3478
4069 4978
3804 1675
2296 1513
316 4527
4491 1469
580 38
596 77
1500 2406
1627 3611
4141 1484
3564 675
4415 3407
1873 2080
876 2316
270 3800
1827 2840
1147 4907
1510 4521
2742 1039
340 3894
3398 3783
3751 4994
425 2287
3823 1925
3783 1970
766 691
1188 4045
2227 1427
234 2169
3447 2409
1597 1324
1754 540
1133 4385
2959 3889
3815 2971
4203 766
3813 3726
4890 2672
4633 4175
4770 645
1590 2007
191 139
4687 3843
453 4695
1686 327
3889 4255
223 4238
2393 1441
1882 188
4095 3081
1732 4821
1514 2407
1886 4923
3908 1662
4765 683
1389 63
2624 1424
4438 2604
342 3183
4936 2437
917 3458
2267 4758
4996 3453
4743 3551
1146 492
3094 4611
2132 4867
1791 2745
395 2260
965 4174
411 3053
1798 1145
1142 1679
181 1766
3015 2936
2793 4236
1368 210
1292 127
3508 2898
1268 438
941 3266
1373 3878
95 4687
396 3325
4027 4483
2678 1616
2709 4868
2975 4245
2807 1155
3316 4418
420 3775
3794 4844
4061 3487
4612 1073
1992 3611
3720 4711
1644 564
3483 2626
4502 4752
1585 3434
3950 967
4709 642
2683 2032
3335 2347
1507 3861
4185 3599
1836 338
3873 3678
4422 4026
1603 1396
335 2954
1612 97
3973 4308
4816 1864
4047 2974
4612 864
1149 4248
3316 1670
3475 1042
2751 1441
1970 2363
2198 4653
815 763
2385 1569
1443 4730
4105 1065
3273 4950
2935 1468
74 1442
476 2990
44 4289
3223 4376
1063 2535
4746 1747
1303 1457
4525 2241
4221 1975
1954 4924
4094 793
4175 2629
2922 2167
1695 2590
478 2008
4441 2400
1371 4916
4536 3190
1844 3450
3185 3736
1436 1379
3496 3777
2366 997
1707 2090
4107 4864
85 557
2360 1076
4493 3490
3645 18
4700 3909
2263 3446
3267 4182
4830 2700
4258 2032
3064 3752
2362 3618
2036 1492
541 2201
2384 4838
328 260
660 3855
904 1927
3405 1333
1130 2545
4051 762
3313 69
4195 3610
3755 1965
4701 4777
773 2354
2503 2851
2787 2181
272 3610
992 2946
2478 1324
2012 2239
2761 4875
1833 3226
3101 27
462 2368
388 2591
3932 1479
3426 1444
491 1933
583 3035
910 1374
4617 1956
2563 3562
703 982
3348 1604
815 2272
4720 3732
4416 2579
3834 1726
505 4686
3601 633
2768 1289
3063 1457
4036 1626
4667 3742
1396 2931
3375 1915
2118 1729
1922 2359
3841 1583
2478 3327
1387 1185
2291 1506
2307 162
4771 4204
2288 2030
2212 1252
3072 1544
1849 2517
2226 1102
3257 737
813 464
1726 3721
1110 2492
3160 366
1934 133
2592 516
3034 4015
2317 4209
305 1533
3394 3163
882 2300
550 4959
123 2669
2178 1163
4139 3126
3959 3796
761 4042
870 2593
4450 860
141 4758
4471 512
4617 2106
436 43
734 3306
1155 2406
3457 1819
183 3623
815 2684
2793 4719
4275 2201
3439 3469
4316 4330
1384 1545
3100 409
2345 962
474 3952
235 4081
4105 1
498 3220
3679 3396
4575 3772
1959 556
3103 3311
3207 4298
1587 2254
3683 3745
2718 1808
1576 2656
2442 4118
2082 3123
499 69
486 210
4098 1455
2320 2585
3307 18
4047 1207
479 1967
1572 3855
1387 3652
2455 3425
2216 2131
258 4562
985 2065
131 2671
3208 3591
1262 1663
3768 4741
553 2702
4148 4570
3943 11
167 1253
2198 4619
394 3695
2193 1131
2962 3111
3998 4874
2800 1404
3752 1172
2711 2374
4830 3008
1504 134
482 1323
585 1522
3412 3419
562 3650
4845 4693
3831 1069
556 3352
1977 229
2212 2400
3709 3710
3572 1444
4947 4243
3142 3799
2704 2378
2248 154
3940 1883
4734 3849
1005 724
1718 3298
4035 680
4730 2321
522 1267
4386 4551
4955 1144
2319 3630
4890 395
4401 4647
3985 3528
4298 1612
1292 4082
2737 3318
140 2404
2312 3504
252 172
4647 618
4847 107
3903 4991
4424 3734
4423 4743
1095 1280
4249 310
2555 502
758 1851
1451 4329
1958 506
4524 288
4594 4242
4678 2955
546 968
3863 4033
3383 3002
3518 2507
1770 3901
1113 1742
1507 2256
3208 4957
4795 4239
1511 1837
3746 3440
4608 4640
3938 4513
1055 931
3737 4568
3004 551
2803 1914
2108 1515
2366 2933
4945 4136
1797 3109
229 1620
1046 4915
3155 3152
4364 2681
3190 3306
2629 2559
4792 2020
476 3233
2141 83
3360 1391
4509 2336
3860 2860
2093 83
4173 3976
758 2699
1423 3774
4661 2095
4865 4430
1994 2352
3068 2524
3177 3732
4479 2239
372 2221
1630 3579
3998 1568
4887 1720
2177 3159
2947 1720
898 2855
2331 4749
264 2507
3041 4184
152 1711
338 2251
4676 461
4363 4793
3095 2948
3249 1952
42 380
3839 3766
4483 4659
3364 1617
449 427
258 1006
3425 161
2609 3491
1524 568
3425 3948
926 2564
2571 385
801 720
4033 2759
3992 1776
2474 1011
1516 2271
1575 3498
1203 1107
2009 1940
476 116
3704 1684
68 1856
1293 3274
3052 3058
1545 977
3680 494
3340 297
4657 1863
519 3166
3420 3730
4554 4271
4090 960
1687 3440
2038 2832
1173 2408
762 1442
4014 380
3802 2981
489 4354
78 1858
4680 4255
2733 1038
4147 4594
765 4964
332 4422
2836 4777
673 3684
3594 3822
1870 3030
2516 2234
392 3765
4779 4686
4930 1277
1043 911
1860 3788
3084 2183
1567 1566
1653 643
4546 4780
3852 662
3032 1640
4319 2413
696 818
3966 4922
2228 966
4502 634
1738 2332
2215 1182
3646 2695
4071 4709
1574 271
2366 1897
3461 2199
1992 1062
2976 855
142 4190
4020 3699
2237 495
726 3922
509 4395
185 2143
939 1623
1812 4108
4087 980
257 954
2495 2202
2920 1387
2730 2032
2330 1761
4846 1853
4070 4667
4163 2810
111 1599
1518 950
1571 746
3279 3481
214 2538
2059 2145
2325 357
3794 4088
2868 4063
2098 3475
360 416
4202 2805
3078 1308
1544 4850
4418 4441
3604 1044
1041 4780
67 2722
2328 3644
3388 3956
3802 790
3406 4832
4837 3111
1625 1312
3045 3877
3392 434
3032 3791
3125 2582
4505 3448
3653 4420
4550 1456
2800 476
3370 75
3570 1803
259 4128
4173 4180
1829 2491
1709 2797
4277 555
4642 2214
1822 2692
4730 102
1568 783
3372 2878
1604 3149
2397 1595
289 176
1207 2064
282 1211
2189 1194
2150 420
3097 4826
1759 1969
2191 3127
3195 3160
4919 3817
1814 1565
1590 1543
574 240
1405 1162
4158 3508
465 896
3595 122
305 3450
3402 4180
4892 2334
4664 3986
4728 2285
1984 3408
3532 4558
4393 4102
4103 4737
4790 479
4774 2469
3244 4946
2562 1212
4079 3788
2456 3849
3733 1076
2687 4049
2257 862
3493 823
4266 817
3955 261
3673 657
1756 4986
399 3469
3586 991
3204 106
2169 1513
4833 1494
4442 4634
1399 3638
3386 3848
3406 4344
2008 1877
1279 2170
2882 4413
1034 1793
2121 2451
3273 35
3896 3388
2635 3590
3057 3002
4954 2718
808 2050
1933 4739
2822 1007
2487 1872
4447 285
1526 334
364 2230
3957 3751
258 1073
1090 1347
4098 1094
1889 102
55 907
967 4120
2515 3666
4455 787
1953 4544
753 4505
2836 1760
4598 4668
4975 494
4941 3524
3212 3349
298 2197
2590 33
2897 982
4350 4174
415 4242
3505 4999
3890 4755
3712 1095
4916 1058
1718 2740
3348 3464
1454 4998
2556 369
4091 861
1132 3756
2062 1121
3614 1068
108 191
1928 4242
2589 4987
2605 3464
2526 3296
1380 1031
1552 3634
687 4698
423 116
2998 537
1139 4314
522 1535
2458 2337
2706 4389
396 1714
1425 277
718 4323
1213 4743
2064 4133
4754 1223
4639 2695
3669 2269
1027 1457
2826 1043
4346 2114
767 1011
3612 2427
1318 1823
2772 2154
4623 2023
4973 3760
699 159
3035 123
674 2029
1374 4437
3694 3479
2163 843
782 3908
2866 3550
4116 1734
4097 2366
151 2430
87 3218
970 2048
2402 3201
939 282
4370 1604
1125 4170
3547 1257
3694 2373
1607 298
3842 3001
2858 292
4878 2964
3356 3825
1430 1962
3707 806
3831 3163
1966 2573
3621 4138
4355 652
1127 4455
201 3909
3382 3158
3103 4396
698 1438
108 2388
4189 3019
2716 738
4077 3933
361 752
4606 2895
2448 3908
2574 4304
2504 4534
1032 2133
1199 613
1898 2237
1708 4811
4774 1492
4830 1965
924 4233
251 3724
2015 1623
2490 262
4308 2704
3322 4885
918 3165
632 2151
3012 615
2581 884
3889 4602
822 4396
1836 476
4731 566
1638 2363
4736 1946
126 3500
278 3600
240 2748
531 4663
1569 3875
566 2871
3461 4308
396 4943
114 1271
1614 1264
178 4200
3664 2887
3829 3677
4860 223
3140 3307
637 2725
2831 401
2613 762
2281 2411
4407 2149
2518 3248
3573 3446
3812 149
3611 4516
1391 1273
554 528
4931 295
2606 1032
3678 2166
2857 3149
2130 2108
518 541
1312 2319
4758 1738
3512 3275
3398 848
299 95
2983 827
609 175
4613 1151
3067 4419
2473 966
530 1703
2295 3622
581 1745
1512 4248
4160 2791
3993 986
207 1438
1819 1086
527 3924
2601 865
1550 3598
1461 3605
654 2754
4411 1631
3166 3047
1707 4449
2793 2496
1659 4993
4724 1526
1404 2889
2964 3483
4905 3861
3142 3295
4219 1576
1990 2150
4295 1711
2305 3871
3277 4028
2306 1279
4011 740
1785 4436
4497 2690
3471 3315
3179 1218
2835 4723
4026 750
4440 3968
1211 397
789 1360
3918 295
3371 2401
3584 3898
747 3601
1425 4248
3390 4749
4911 2895
3826 3715
4970 1495
2884 4671
3694 2840
2048 1018
2100 1385
4619 3750
4848 1818
3226 1883
3980 3235
2720 750
1188 3746
4380 1397
1329 4730
2096 620
2782 2894
3163 634
1926 946
4808 4941
4164 1203
2973 2682
721 4865
613 486
3697 172
495 4760
2814 3892
4660 2148
1868 1640
1508 1241
1411 4224
3354 836
569 2755
4604 755
2181 4858
4700 1739
3253 4227
2809 3379
4769 2015
399 4727
21 2076
4642 4117
2467 4531
3143 3027
1175 4347
2124 1575
4697 2684
3003 709
1847 1861
275 3246
4320 3728
3575 3331
1849 1304
3885 2181
4596 4129
447 865
757 1641
1270 2212
4411 151
4538 371
3565 3355
2019 4246
3098 4974
2371 4336
3191 4533
2218 3625
750 4938
897 2916
2305 355
4951 3385
3491 2945
735 3828
3295 2131
4352 772
1287 64
732 2109
558 3320
4961 3975
1934 3292
219 3676
2172 386
328 3518
4215 2138
3378 3502
164 115
2489 3294
1269 4615
3919 1985
333 2330
3266 501
2358 3287
1077 4744
3907 1163
1863 3424
4134 288
1690 4049
1835 340
2413 627
3451 3327
4179 66
2098 2240
994 2812
2218 3801
4045 671
3526 4495
1307 2208
1799 3571
821 4756
331 4571
1147 2875
2265 3993
1680 4488
926 963
90 3563
971 2073
2155 2223
2476 1627
3802 380
4570 833
1619 3390
2746 2792
3763 1804
4357 660
3805 1194
2038 3736
7 4151
3079 3407
1029 1136
3020 295
4965 2955
4598 945
2746 1181
2409 2387
3186 1237
4726 2342
2256 2454
2922 2279
658 3361
4653 4050
547 368
4636 1139
4963 4540
4728 3379
2658 657
77 4945
2009 4317
52 3862
961 1652
2217 2416
2441 447
4085 3760
980 2408
1317 3508
305 3119
3993 2413
2234 3912
4486 1058
4277 3091
1525 1628
3622 1523
1617 2600
4763 4248
3765 3920
1766 645
820 1594
527 2490
4423 1111
4752 2202
2955 1141
919 862
4328 1078
79 3689
2883 783
615 4475
4732 1098
1057 1550
2281 1236
4580 4292
3642 3247
4659 118
4100 1110
4533 4252
2634 1687
812 3484
2324 47
1626 4356
1003 2340
2539 169
2440 4396
2263 3405
2011 611
3772 4382
2381 2753
4921 908
1247 2858
636 1982
4217 1676
4021 2910
3788 3444
1313 2688
2912 473
432 4719
863 712
2918 4825
3360 1078
3598 870
661 3769
570 1204
1333 4160
4109 502
4099 1558
561 1808
1821 1915
1665 2293
1646 811
2673 274
612 2957
4744 4504
714 4940
565 4109
2103 4146
2767 3387
2942 4208
4948 4696
572 1016
3547 2613
213 2339
3946 1207
3176 955
4264 1097
3430 882
4420 3744
4367 4617
1156 3414
2005 299
311 3719
446 1695
532 407
3846 3433
2600 3313
123 1177
2860 1265
4103 1586
2741 4668
1906 1477
739 1899
2926 3148
1442 4492
2881 2935
2364 3528
3462 250
2036 1038
4076 869
1876 2191
1021 2411
424 2720
3865 1683
2105 2779
3233 346
3308 4422
4892 863
4016 2754
4813 782
491 2445
4666 1678
4438 1321
2695 4275
1124 899
1393 12
2439 4700
4980 1278
4395 484
606 2559
4489 4994
1849 2060
486 1357
3565 4763
4409 4542
4771 42
3624 2019
3091 406
3628 62
2063 2405
2184 4532
4574 1597
3798 4023
3450 3522
2402 3572
2514 4228
4325 934
4329 3358
635 4577
3125 320
741 3320
2944 3646
1240 743
2291 56
1149 393
2374 2560
927 2539
4241 1871
1704 927
3671 3599
4076 2963
725 2466
219 3231
3248 2138
3748 2931
2820 4287
1621 4206
1021 2669
3180 2304
4714 1995
449 3201
2613 3548
105 1079
4804 4818
4549 1308
2755 3878
1553 134
4520 4529
3509 1222
2678 743
3471 2337
1707 1447
2335 1370
3041 2972
322 1198
3880 4607
448 4198
3299 3546
2966 1129
1351 3750
4645 3503
4655 726
3281 4183
1994 1602
2994 602
1451 1109
1542 1573
2928 3056
4557 3899
1484 941
2804 2585
1286 1868
4355 905
1680 2065
2751 3503
3424 2220
809 287
986 4327
4020 125
3900 1612
2771 4211
3152 4901
1025 3031
1981 1978
735 3394
1503 654
993 3642
1683 4202
537 2568
3132 2449
4339 1723
3617 842
247 740
2524 4450
4011 2304
4108 4463
4454 4873
124 3214
4718 4541
3466 2253
3595 3429
4929 4154
1737 3480
2759 4682
610 4245
4679 2539
4074 4380
1953 1899
137 3902
4845 1958
4309 2760
1364 1259
1173 1525
3111 3112
3583 3161
4445 3634
83 190
786 2750
509 2939
874 2115
359 432
4954 77
3372 1587
2512 4076
2679 3286
3646 3539
4794 2006
4275 1497
4455 4550
2505 1843
3883 4762
1936 4872
4286 644
4490 3412
3388 2011
133 3669
742 431
3196 4529
4562 3646
1542 1326
2279 346
3702 4529
2682 2321
4209 3576
2877 1708
2251 4416
138 4928
786 2095
3732 3800
3593 2314
3862 913
3063 3153
1841 3396
2126 1462
2667 2679
4684 4282
4875 109
4405 1808
1566 1705
751 1512
2797 2311
4932 1517
1925 1564
156 280
4437 2441
4448 4019
2587 3131
3952 478
3416 3646
3502 3901
1991 965
4473 3935
3690 548
4723 1009
1589 3191
499 1066
1537 1888
2100 1884
4442 1404
380 3049
1314 4190
70 2892
68 731
4704 132
2953 1709
2254 3260
3374 3185
3861 2702
4708 1648
553 3803
2623 1161
679 972
3472 734
1588 3277
2451 4746
876 2988
1250 4130
3483 1423
128 4105
696 1651
2102 2817
1309 229
3001 2513
3633 2757
3442 2682
3150 4782
4117 321
1667 2664
1482 1617
3042 3142
3848 3750
1387 2729
1829 1722
1456 1450
4823 3963
71 3308
1022 4371
131 1984
2703 3223
4795 1374
875 3785
2210 4219
2085 3967
117 3581
1784 4353
720 889
2319 4534
1585 2902
27 3520
2116 104
1761 2107
69 3453
3385 2058
3793 3411
328 1026
4285 1480
3287 590
573 2561
1233 3585
4671 2644
1409 3575
421 2653
1418 3676
2111 1933
3837 3675
1311 2038
4087 2664
1267 488
1472 4302
4550 464
2796 3835
1503 1644
3790 55
640 1392
97 3801
3216 387
101 2290
2906 3251
88 4151
460 4477
3994 3163
3537 582
4087 771
2863 1181
1641 4640
4762 654
2220 2336
3671 3208
4784 2470
1018 1096
1203 1894
672 4908
852 2962
4685 2761
3585 2159
744 3302
4330 2824
3770 4246
3907 2258
1755 3650
4646 567
2741 2013
1599 3907
3375 2902
254 2490
2731 4041
4673 8
3752 1254
4967 3431
4720 3817
3934 4357
2067 4008
589 91
4419 1425
851 1575
2862 4553
3990 51
1000 1205
2901 963
1294 1933
1119 4715
3651 1780
2226 2959
575 2706
1589 2122
2611 1786
2253 1640
3766 2660
3412 1131
1131 4012
4261 3601
2193 2409
2258 1244
3649 4599
390 1705
844 957
4356 4386
2203 2744
30 1724
1589 3486
4462 3489
1564 476
4704 2120
3040 1233
1142 624
2106 2593
1275 656
4818 650
3745 3250
3234 370
3363 3668
3801 4799
2467 4798
4426 3445
1973 1326
4642 772
2594 3975
4349 232
2575 1877
1481 4519
4907 4914
2777 3606
3356 341
4611 4685
2323 3206
99 966
1571 1819
4606 578
3350 343
448 972
1240 3845
2590 2892
4794 745
805 213
2624 4191
3985 1047
948 4578
3270 3278
2417 1815
2443 4585
4824 239
3050 1924
1950 1793
3370 3718
1196 4685
4197 3700
3222 4218
746 2876
2557 2465
1548 2899
2365 4591
3993 3151
231 1127
4387 1734
4432 4766
1371 3038
2480 2045
4081 1026
4389 339
221 3579
4645 3056
466 4277
415 4787
765 782
4411 2157
698 3858
3453 2012
40 2425
2870 873
1624 784
83 634
2073 4060
1412 2713
3287 4050
542 4027
2184 2498
1826 3057
4686 4311
2700 2266
1679 2192
4140 727
192 4299
3392 142
3502 261
3072 2121
787 3786
3713 1772
959 2883
2243 1281
1356 4827
3571 1527
4609 3938
58 2839
2529 130
11 1670
1409 4365
4641 2743
4733 4556
4111 3246
4259 409
1606 2037
494 783
4170 4779
3084 3540
4957 1487
2665 3758
1243 3594
818 4539
3933 2915
3083 1455
1998 1992
306 1570
4473 979
1033 231
104 2563
4056 1727
2974 159
3112 1012
2487 119
4513 3278
4427 1355
3909 1985
3839 153
2139 4797
763 1715
2733 1685
900 2647
3002 3065
2188 4005
2444 1004
1125 1277
3307 2046
2682 3022
1905 3779
4815 808
4652 457
1931 43
2816 2014
2157 4262
3938 4817
1836 561
30 3668
3310 2595
1329 3769
1450 4316
4735 753
3502 1364
1558 4478
825 1243
178 2250
1658 599
415 2446
4279 1953
1570 1941
799 2367
2497 606
3601 4148
4350 2349
1755 76
1400 3650
572 3833
3897 3760
4921 3512
4361 1759
4428 1532
769 3460
2496 4898
650 3156
1079 2292
188 604
2980 2671
167 564
4265 1964
989 3311
1002 3042
4005 3332
3392 3042
2010 3120
944 4026
946 4554
2049 2195
4856 2022
1834 2283
2683 3571
4305 1116
685 141
1309 4243
1356 1971
3029 2746
1628 1034
2934 158
1626 2216
1297 2641
2659 2817
4738 889
251 4190
1986 1175
2063 337
1198 2618
1404 4779
3503 2482
4845 1983
784 293
3584 4
1467 1221
2337 4526
3188 3999
2967 1437
636 1261
2834 3252
679 4133
3499 4427
2767 4201
1228 1446
4599 3389
451 437
544 1236
2772 1810
847 2780
3916 2245
949 3733
4663 4299
3158 261
1106 2307
2963 1647
4881 3368
3872 1823
299 490
4262 2056
2601 4556
1226 182
1131 3671
844 2668
338 3438
3185 616
2399 2497
3538 4770
3947 2802
1803 4233
2565 586
724 3301
375 3013
4779 2382
1577 1714
409 1788
4885 260
2624 4436
3377 3107
1444 2194
4544 3148
2639 2977
313 4141
4346 1444
2119 4162
1915 1569
239 2019
961 3873
4301 1475
2578 2138
1535 4547
1735 2293
360 4516
4250 4112
1487 513
1590 3044
85 2467
3167 4072
4219 4842
4814 1036
273 2123
2542 4703
656 21
3914 2818
1682 1947
4341 3243
532 5
3000 3275
4147 4614
2023 2608
1660 1247
3748 1020
2770 2659
3827 1116
4683 2129
2404 3241
3540 2278
4517 4770
89 1304
1613 4601
1309 396
3970 1178
1152 656
828 111
324 1321
2464 3014
4128 4783
733 2113
4253 4204
4418 509
2691 1001
3423 212
4557 4266
2663 2131
1728 1204
1204 4188
937 1718
787 3253
3988 1525
1388 824
3453 4374
1355 1809
4835 3328
1098 4363
4976 1383
4205 891
1275 1883
492 3475
30 1791
2332 801
935 4506
198 3029
3643 969
4359 2814
2447 4307
3215 4006
3670 3075
146 1297
462 2442
1082 3634
866 3419
1562 591
1033 1669
4876 248
3853 3381
4957 123
302 1081
260 939
1085 2430
4606 653
3041 4418
1621 4793
2445 4970
92 4727
3824 638
2077 4751
4723 1832
1011 4680
3079 937
2824 290
2525 1796
1376 204
4035 1953
2004 23
2478 771
2401 4536
1210 4875
3038 650
1292 1626
3465 1770
2473 2259
3603 305
2572 2335
4279 4366
2708 1142
2279 3921
2395 2445
1239 2457
4032 2834
1408 4575
3862 2618
815 433
2627 3940
43 3936
4738 3332
42 2890
1737 105
3132 4424
1484 1302
3079 2497
3904 957
641 1214
4616 4599
4129 3188
1084 229
767 605
4597 475
1736 3719
4635 4767
507 723
4639 4014
1510 1783
1233 3096
345 37
307 727
3073 3314
3075 3252
4791 1184
3389 554
1047 1924
1567 1153
978 3944
4932 3276
4332 3714
2882 1619
246 1523
2412 1114
165 626
1200 888
3249 3231
2017 673
2935 968
2550 4477
264 1983
569 295
4784 1689
2354 2670
663 3048
258 679
1075 635
664 4705
1572 193
311 4231
559 2994
582 3338
4108 726
1815 4445
2176 155
3712 4159
812 4211
3197 1804
2692 3603
2436 861
24 4758
2951 3243
4774 208
1182 120
598 3092
2098 3854
3941 2815
1531 2085
2539 2970
3195 4906
4317 1475
3785 4474
3179 4156
2879 259
2947 1843
1421 2596
4884 1625
4939 4360
4812 2971
4899 1240
4371 900
476 1013
510 1825
1600 3994
148 435
3823 2800
4508 633
410 2095
374 1091
3121 2044
1973 1136
2445 4717
4404 841
4319 2823
461 4772
2295 3465
1483 4866
2286 2846
274 2769
1844 2951
305 1250
155 1407
3599 4812
777 4749
571 711
402 4429
4819 4202
996 455
3974 294
1666 71
4874 3841
3578 2155
1175 3436
4111 3248
3337 3013
1919 4726
3010 142
1925 3015
2965 460
4800 1908
4924 337
1971 56
3068 3930
3171 3147
3116 4585
620 3912
650 140
149 1767
4421 3140
2943 2292
851 1871
4049 2622
1333 4631
2367 953
823 4185
1199 1940
2737 4455
4170 1812
2176 4678
4969 2719
4141 3305
2510 4082
2133 3588
70 4412
4439 4897
2406 3984
2641 3999
2387 4815
4460 1894
3432 4788
2931 492
4380 2350
2304 1603
1897 4697
4167 2072
2911 3525
2681 3894
3494 3478
1171 4145
3647 4986
4332 2684
4564 750
250 3555
1108 498
3398 3937
1360 4296
4643 3388
3713 3201
3611 2140
3767 3992
3282 3280
3139 3612
2081 2400
3182 3891
4076 3892
3552 3994
3893 3259
1754 3949
4119 2933
2340 3917
1651 3586
1424 2037
1822 3673
4533 2413
2337 2898
3805 2463
4832 4068
4799 4493
1028 4384
2365 4897
3681 2995
1559 1810
2440 4104
4143 1134
1806 4012
11 3259
2348 937
4383 2268
3757 1155
1656 490
4778 4086
3689 2664
513 486
3938 3478
1666 3469
2524 2904
3385 504
2254 884
7 2411
1611 2047
1873 3313
1226 1929
2631 4684
3573 1668
4702 899
1402 4401
2607 2383
2501 1635
3798 3397
2772 1473
531 1871
4714 4824
756 2547
1852 3984
1217 3882
3423 2290
1215 3458
1120 488
3814 1893
1986 3197
1851 3648
2484 2881
4471 3437
3080 2998
3701 1753
4582 4566
2008 2694
70 4770
851 210
634 940
23 1671
1522 478
240 1345
253 2457
1672 2619
3751 2448
3963 370
1069 1490
4474 2880
1035 1459
928 4882
3470 691
1480 2547
4195 1557
2989 511
750 194
3527 3345
3508 484
1477 3749
73 4555
4222 1526
2626 4915
3215 585
645 148
2232 2544
4668 913
4391 4473
4990 1546
4555 3621
134 3874
4802 2873
474 193
179 432
2357 2026
4821 702
1181 942
1127 535
4630 552
4269 4278
3773 1888
1402 3686
2325 96
2168 3549
3006 530
3777 588
537 4999
1242 4064
3029 225
1755 1404
949 1522
952 1677
2120 3267
1563 1180
920 1766
2695 16
4059 1829
1710 1529
3973 489
3629 830
244 4603
3187 3408
1123 2358
1957 3941
4815 370
1357 3190
2941 427
3246 9
4714 2969
1234 447
241 1694
604 3431
537 2467
3494 594
4181 682
3421 861
2658 2837
2688 650
740 294
4956 711
4993 509
4915 565
2228 1430
3168 218
108 2032
52 1568
2258 2815
1997 4851
4695 1786
3714 3879
2683 3405
3936 304
4103 1577
360 2489
4084 2527
4846 2846
122 2521
1700 17
1698 4281
1581 1136
2404 3880
2882 3293
2770 961
4032 1637
4803 363
4744 2994
2281 2386
4646 3433
3739 622
2579 4653
2764 2818
4547 890
3410 1782
3048 730
2128 998
1357 4804
2332 4490
1851 4832
2674 3868
4471 2100
4367 4948
4386 2826
4358 3919
3832 4159
103 228
1258 270
3915 1966
1852 1315
2257 2405
4559 1185
2869 2156
784 2757
979 3460
1639 2208
3632 3888
2049 3040
2178 4031
2159 2143
739 1070
4853 3611
4514 3563
2540 1165
1601 2323
1736 2890
3776 1364
4482 4413
2425 3356
303 2155
2146 2240
3615 1637
2110 1766
3599 4409
1524 2964
4359 2770
4974 2894
2949 3468
2788 3908
201 2897
3047 1617
1231 4086
2014 1397
1528 878
4772 1348
2592 2414
3591 2286
1457 1775
2275 485
3799 1904
3549 2153
171 1762
609 1959
3353 4122
3845 430
3337 850
1739 4561
2617 471
2059 1392
3321 3116
1470 2438
2893 1943
2156 500
2527 3639
2663 2485
4947 1852
1118 1600
3138 1735
1043 90
2207 3221
4333 2201
1293 1816
895 2537
382 4214
3935 19
1573 1408
488 4497
2422 4828
352 2892
1657 2388
1051 3726
4066 1565
2262 4280
4636 4161
3157 173
2977 3237
405 1077
2923 4620
4594 3948
439 3570
3123 4192
757 3193
1505 1910
3593 3999
3164 3597
2733 3798
4686 2993
3013 1180
1381 1282
545 2097
1397 3178
1902 2227
4980 4563
2942 3668
1997 1255
1731 4075
3334 1126
4256 3815
2481 2795
1768 3944
246 327
3493 1790
1592 4397
1738 3679
484 1900
1689 2989
1357 2321
2039 4838
2554 4690
291 4227
150 987
402 2689
1664 1453
1502 4131
2873 3762
2026 2693
2000 4163
552 3467
2745 3794
1843 856
449 1520
717 647
1636 2192
1082 1942
464 3666
923 4278
2759 849
3893 684
4697 837
1111 1563
2719 2322
3136 1920
3305 2104
1982 4701
4130 2289
703 1374
3814 1389
1228 847
1659 2025
2241 3180
3213 4723
4199 2711
888 1832
2059 2309
1554 4751
620 1041
2397 756
224 4672
3858 4054
639 2276
1569 1496
4567 1250
707 3724
4479 915
4968 3555
2244 854
961 3358
206 3404
4343 4169
1620 3699
1417 834
508 3284
2723 1318
2972 110
889 885
324 456
4832 4153
1809 3074
1558 203
3444 2165
3189 1110
2425 2406
148 1898
1497 520
2206 1794
2208 2151
40 1462
495 1597
167 3674
2299 2960
2144 2693
4716 3618
3511 4979
1735 2776
2985 3220
2133 108
4929 875
994 595
3119 4863
4646 2104
3860 1637
607 3327
2311 4260
262 4443
4619 303
3213 1408
3670 1511
1855 3297
2812 2319
2408 4851
4595 2542
145 160
3444 256
2694 3478
4088 230
3695 4229
673 3137
3634 2101
332 155
4711 1341
1822 502
1147 2157
2300 314
4486 2773
305 2428
1253 684
2252 2729
3128 386
2535 4775
4381 2078
2497 3365
4883 1560
4669 1382
552 4952
2817 2739
4220 3206
1192 2189
836 967
3945 2974
280 2839
4621 905
1452 2089
4284 1878
2667 1593
1409 3448
3271 579
2666 2014
3259 3048
1073 485
2225 1288
3901 3004
2836 3595
2650 454
2040 4271
3692 1436
2797 2789
4568 4521
2239 2260
2492 4924
1409 1477
3618 1681
2725 3781
3593 2328
3029 1222
4228 293
366 4310
3145 2702
2208 878
1546 2120
2943 3556
3760 3291
2981 4785
4523 2273
4677 4660
2363 4603
4786 3310
2154 3620
3382 212
424 3364
851 2528
2494 2542
4598 3568
2531 4410
2422 2230
3522 1796
1762 3790
162 4715
1960 2619
4141 4987
2015 4442
4281 4699
3886 1509
1122 1472
1322 449
2550 1168
4228 1432
4911 4392
817 4040
4765 2663
360 2099
2338 2320
3047 4933
3156 4324
4895 4633
1670 1734
4987 1044
3391 3101
4557 256
921 2365
3474 3411
2603 4566
3793 2173
2528 4508
3871 3214
2918 4901
2045 2629
368 606
2065 3922
4917 2519
465 13
3446 3530
2251 628
2099 4296
632 1281
791 724
4452 3946
4872 4429
2560 4960
656 312
3272 4664
4334 365
1086 4341
2942 1261
4269 3812
733 1098
4798 4598
1606 4967
1022 4561
151 1412
4006 3776
2444 1139
1258 3758
2203 4270
1275 2247
4727 2655
2037 4568
2766 4357
3673 274
2443 1422
1780 1523
4180 3063
3047 3052
3372 2846
3245 708
1779 2313
792 2523
1457 1068
1931 1808
3142 2423
425 684
4390 6
2333 3693
4525 1535
3144 2820
2191 527
1575 2567
4603 3798
4994 3400
2626 974
3198 1827
4765 880
2556 300
4349 4471
2600 1487
3897 3514
2682 4486
2523 3486
2072 3719
2155 4690
4659 2259
1931 4666
677 1049
3969 4181
3609 4520
4392 1303
2107 48
4703 1008
220 938
320 1586
1496 3795
3786 3798
127 278
488 3960
4839 1071
4848 679
4824 4464
4229 750
2263 4983
4830 462
4084 494
3900 2586
3107 1426
3424 1217
3351 2877
410 4671
243 4605
2691 4212
655 2
188 2787
4905 3811
437 1981
3881 2890
2327 3500
3467 2315
1042 3288
2465 1538
1296 2109
4999 2498
920 4507
3997 2982
532 4341
4833 3275
1283 1579
1242 2300
56 4016
758 37
2209 788
2685 2417
2688 226
1715 1717
1166 1947
2186 986
3187 778
4277 3566
4503 1967
2383 2716
2445 2916
1450 3399
2738 4010
208 3491
1506 4101
3686 3877
3012 1868
2388 4398
4809 4498
4070 275
4817 1840
3446 1560
2005 48
999 2608
3766 2427
420 127
4981 4221
895 3353
601 1260
834 2104
3636 3756
970 969
1318 2645
4334 3655
993 1395
2004 2359
1547 1374
4669 3507
623 4240
892 4711
756 3161
1668 3407
2908 2830
3103 495
1791 3686
2471 465
3414 2084
216 2523
2016 3984
1964 3070
1632 4094
1510 4648
348 4893
3167 123
3656 1456
4901 252
2705 4873
559 1989
3083 3241
3554 971
4652 2546
4895 536
966 4021
3426 3698
4977 3444
525 4298
3030 3369
4667 3999
1317 2485
197 2440
4704 834
4368 4117
3766 1649
829 3143
969 3894
4872 4260
4200 4023
1114 3236
910 4128
584 558
2409 721
1585 3900
2211 4246
1603 4026
501 4734
4230 4683
175 1774
2671 1916
4689 1171
4943 39
4958 2675
1818 202
1995 3109
1793 1277
1781 3836
4864 688
4912 3000
4176 3314
4936 3548
4694 3843
260 3809
2442 4163
1726 3266
4106 2392
4372 4046
3660 3413
786 4762
3767 4141
3486 4172
683 4612
2299 985
1572 4679
1055 3695
1131 2774
1116 2692
3949 1873
2450 589
1498 4104
3788 2408
1279 4106
3239 1099
3380 2383
790 4810
2879 398
2408 1949
2768 1304
4088 1599
4779 1939
4332 1144
2865 1743
895 2996
631 4932
1400 4323
1645 2107
4065 4047
2704 2225
3912 768
3336 4311
1505 963
291 4892
2769 3927
2744 369
453 287
4949 1708
4689 4403
3370 1542
922 1822
1060 2237
2165 4553
2995 3995
1653 2207
931 2988
3041 1727
303 1220
2987 1830
3545 1655
386 858
3620 247
3761 1287
1611 2866
4862 950
3518 4378
4404 2913
724 2267
2497 2201
1308 2072
2344 616
363 3814
1233 2503
3297 2694
252 4201
1771 4992
3282 446
2723 387
3484 4481
1723 3374
2649 267
2814 210
453 4230
2344 4670
1564 4666
944 4578
1003 2163
2189 1068
224 1201
3494 614
4573 654
1273 4165
4105 3180
1293 4364
4702 3109
111 4623
1932 3729
1801 2497
1357 2979
3142 4886
4431 3188
4512 1185
2333 3559
515 2248
4078 2483
4919 2779
2277 2605
2833 1160
3711 3931
2306 994
1648 4457
2775 1757
3502 40
4175 3076
2788 1050
4072 340
841 40
4939 750
3887 3772
4139 200
4956 4247
3906 3821
3940 2404
997 577
4325 555
3939 4149
3569 2655
2777 4553
1704 3440
2889 3389
3459 402
4030 3887
562 2052
1545 1744
111 107
4352 3735
1937 2532
2297 2796
3674 2589
364 2726
1161 3532
22 1494
3313 758
1895 3658
2488 2698
2733 931
1609 1268
1198 4807
2114 2450
4603 4543
1383 2658
3679 4610
101 3786
3708 785
2288 455
4270 2649
4157 4103
4654 1004
1817 639
872 4208
392 4125
3965 3094
2558 4894
3530 436
1442 3650
4319 2596
2998 2755
4290 1203
3881 3610
49 178
981 1282
1819 1801
1433 4499
4736 431
2671 3536
4396 931
2751 649
2640 574
3379 1826
4481 879
537 4290
4119 2077
4268 989
1399 3513
131 2651
1234 3161
3761 4215
1500 4558
4867 1976
1294 4039
2485 2707
1548 1827
3485 4471
391 1708
3895 935
4515 3798
4311 2772
2659 556
2170 2761
265 1108
2909 1317
2574 4446
4308 948
176 1720
3221 3830
3686 4829
4602 2823
1782 4697
2251 3781
3624 2015
4386 726
145 4891
773 311
697 2929
87 4885
3293 2100
95 208
109 1415
3863 867
4471 3056
3462 1094
4514 4992
3023 2148
4524 484
1544 85
517 615
1932 1013
2938 3006
121 4795
2363 2330
611 4043
4005 362
831 3701
1568 1566
4377 1284
4281 3421
4894 2551
1882 504
2138 523
1550 540
4436 3223
5 3380
3453 1046
510 3509
677 4209
4112 3281
694 211
1095 237
4511 4619
3262 4042
394 4125
1407 647
4334 641
3812 557
725 3771
2186 850
239 2809
3321 623
2662 2616
1149 3506
4784 4584
1216 109
3153 1939
4638 4901
2190 858
3671 3619
770 1120
2848 3079
581 965
3826 4264
4176 3908
2946 309
3946 4285
2375 2735
3446 3636
4880 1468
3875 2272
2859 3270
4058 3901
2103 2642
2540 3906
691 3962
634 1228
2476 2251
3987 4193
3675 2040
849 3486
1013 1637
884 3250
3641 1612
1197 3352
3134 4540
3620 913
34 4181
1067 752
420 2029
625 2044
3387 4222
2625 2361
3732 781
1128 4303
3440 4797
1282 3034
2195 266
4589 232
1207 4463
3708 862
4759 4872
4757 4020
1404 5000
3308 564
1139 693
3798 4311
2269 4255
1087 4024
3918 2532
3628 2694
959 4047
3378 2614
3949 4509
189 2663
2231 2854
3921 3629
3747 3882
4765 527
3409 953
187 2521
407 2746
2010 3107
323 1837
132 3039
2116 313
2632 4471
1586 1727
3433 2060
409 1540
2197 1456
2067 931
1294 4582
1499 1369
2565 4484
3770 3415
4994 704
3757 1532
4997 264
4829 2529
1409 3528
2718 4611
3099 3320
1600 4804
4927 3396
3193 73
2164 2658
2354 1021
1635 15
4765 4813
4043 531
2622 19
1736 2664
3471 1284
1328 375
3057 4401
1301 2307
4506 1234
501 2171
1554 294
1093 4244
2989 3292
1258 1517
1092 133
3414 2858
4211 1823
4777 1490
2005 2268
1669 3809
2507 2417
1169 2214
905 679
4560 3006
1818 2942
4119 2327
3390 1461
2010 734
275 4291
4479 3682
1865 921
3065 486
101 2078
926 2699
2087 4754
4234 3347
1492 795
1090 3344
4212 2491
354 2043
3413 1351
4200 685
4542 4762
366 2449
2677 3280
468 3496
4402 963
4339 1980
1345 2658
4555 4677
2196 2837
686 1167
1239 658
1627 1738
2866 2531
724 4857
339 1470
1128 11
921 4492
905 4733
466 3906
375 2583
2502 3643
4620 3722
1537 2235
4486 3592
3205 4917
3497 3860
3070 2615
522 861
4740 3689
1804 3168
3508 2578
1719 4483
4064 1027
308 875
1138 1177
314 495
2509 63
2581 762
3868 2122
2905 2653
3345 2339
2859 2194
840 4193
4161 4346
17 2644
2749 1401
145 427
4798 2860
4857 2839
3614 2986
3118 2326
2725 3784
4143 665
2820 4099
2355 22
1803 1563
2560 1446
4013 2354
3893 4400
183 3824
4113 1132
4356 4554
3865 449
4995 1655
622 1545
3343 4650
1996 1023
1598 3739
2413 1288
4675 4974
620 4647
4389 4994
2443 4790
3685 1306
3501 2844
604 968
4092 3530
867 381
652 2605
4888 2443
2422 2775
2344 4323
2294 1950
4447 4559
4342 3348
3114 3009
2513 3029
390 4562
3480 3108
3014 1092
2617 1398
736 3112
1107 1965
3656 833
75 1982
4389 2791
3281 1036
3655 334
652 75
2071 1868
4986 3757
3583 2334
4873 4425
3333 3571
761 1999
2293 872
4024 2701
748 2106
4732 309
3662 4567
260 4212
3368 2830
3552 1445
182 562
4012 2596
4351 3635
2745 2052
3652 604
3620 4425
4973 270
854 3575
3171 4940
4466 2705
4895 1885
2905 2354
2826 1310
801 1288
3819 429
954 2763
1652 3063
4904 1539
4421 922
724 3232
3032 2476
235 31
2635 242
1645 92
4945 4298
1247 1018
4801 3626
3626 4509
4166 4414
4817 3552
373 1502
4639 2455
4226 4589
3071 1151
763 3747
1570 361
451 1028
1709 2067
881 4039
4304 1750
4382 2297
4280 4433
4291 3383
4541 4444
3696 2751
2197 2582
1326 920
3023 4784
3863 3700
4345 4904
1824 3917
1187 1367
350 3966
4098 1115
4318 62
2758 2822
4803 4121
2996 2765
2587 1342
4996 1977
1627 881
932 4338
4487 435
4947 2415
2762 597
1791 2151
2788 4465
4064 3371
3343 121
1762 4489
3114 4006
1263 4651
942 4794
3083 550
4771 4958
3806 2220
3028 3445
2165 226
1518 87
3762 946
2526 2311
4511 306
936 1222
1503 3852
2712 4398
2046 1940
4533 4375
2627 3213
4353 1165
2637 4572
1523 2863
2699 1691
4900 3258
1603 40
1541 2949
4268 1107
3912 4763
627 2548
2875 2700
1610 1802
57 3635
4036 1629
4728 1609
955 957
1147 793
331 368
329 2666
1348 3696
1876 4528
2331 1075
1924 2260
4961 2689
1146 319
1275 2890
2429 1211
448 2893
1464 4186
4959 1842
3722 4989
3990 2809
3548 2102
2964 3313
2591 1798
4504 2450
2043 2248
3863 1115
305 988
842 4517
2147 1285
957 21
342 4035
1522 3926
4719 2330
4116 2165
643 769
420 795
4469 1988
4256 2775
4476 683
1431 1249
3394 889
3270 472
1806 1189
4806 1941
4515 4940
659 2462
3591 2965
4454 4964
2957 4212
3556 141
939 4687
4278 2803
3717 500
575 1258
1552 3913
2841 3430
87 2099
2920 1795
4650 1736
2381 2035
3018 3460
2452 4492
1935 2584
4806 751
730 3598
3824 1954
4395 1231
4211 4167
3324 677
3298 211
235 897
4030 3960
3572 2790
3749 4051
3509 852
3079 62
3585 3886
1480 2047
2254 3252
1737 4376
3278 4882
3887 4301
4690 39
2 1777
4218 999
3272 3313
2622 4834
4471 615
16 4794
2766 2160
3032 3249
4925 2583
3311 137
1144 1152
2236 4866
856 2149
4138 759
2370 2709
4248 721
4990 4504
2288 4475
3625 4916
312 3956
4923 1707
1212 4360
3546 3051
4506 3527
2886 4124
2236 3997
2194 2262
4226 2872
2642 3704
2597 1510
375 2394
357 3420
364 2380
3380 4551
3237 2716
4017 2455
3563 1405
2478 3383
4369 1442
4315 399
3882 2911
4448 4082
2049 3753
991 1560
3734 2856
151 4109
896 3676
762 1936
3614 4662
1056 1421
1093 1010
594 1140
2245 2923
392 39
3908 439
4579 584
3809 2759
2684 4193
1778 2153
1963 2178
3791 2510
585 4142
900 60
1454 3798
4899 3532
828 4492
3336 1645
801 434
1475 2536
1441 1977
1713 354
3994 3490
3420 4397
575 4921
3734 1798
270 2348
4562 1281
4082 4432
4987 1553
2889 2669
3011 2368
3942 3485
2150 2917
2216 697
2532 4633
3450 3908
4530 3001
953 4093
3241 4591
1337 3154
4414 4689
1745 4008
3289 4400
2770 940
4582 3371
1235 4677
4103 3977
192 3407
3951 842
4231 1937
2664 231
4193 1944
4830 4790
1639 4050
3451 2951
2131 3324
1 897
1906 2493
1995 126
4481 4848
3404 3090
4349 2398
2845 952
145 1394
116 3661
2372 1603
512 4131
1528 2213
3382 3936
892 3824
4815 3548
1203 2271
1319 3382
3275 1267
1072 4912
4735 3134
3893 2807
2854 840
167 1940
601 670
1716 1021
2033 589
2323 1340
1110 1067
2057 1423
3353 4543
3622 2183
1227 556
2137 3849
4972 4202
816 1392
165 3797
2073 2304
102 4316
540 1949
3361 427
4343 306
2573 1378
409 914
4052 659
3239 3043
4269 3984
2417 390
4082 4010
2582 881
2947 1059
1564 3861
1618 3678
4185 4247
2765 3865
1413 1371
3864 4322
2685 4533
3016 2871
1330 2582
3072 4884
2136 3533
824 1593
4207 331
1689 4698
3990 3022
2098 2661
3523 655
374 4439
4316 2284
1260 2712
2049 2318
3550 410
1343 4012
138 654
4006 3895
2124 4910
2612 2724
330 2788
1481 341
719 2554
4953 3600
4928 1984
2941 1870
3762 3010
2842 2525
3010 4135
4648 935
1515 923
3524 1761
452 1613
662 3685
4207 2066
2004 4608
1076 4864
2669 716
3643 2084
1239 3343
2638 2109
3082 4651
1949 3582
1995 1044
4263 2832
1098 3541
1008 2693
4228 4811
3085 1814
3545 896
418 1135
4991 2074
2324 414
3933 2841
400 279
833 4
362 3442
4371 1501
3511 2436
4208 408
171 1490
247 920
4267 913
1567 635
1021 425
647 3521
2011 1565
3621 1864
1204 2204
656 3955
4491 2579
1886 214
2646 1617
1263 3900
544 4482
