2345
10000
2117 803
344 306
1639 592
874 1936
2231 2084
2112 323
958 1422
741 1167
2026 910
2033 1239
1950 1075
1007 1883
608 77
327 152
438 871
538 316
1372 1995
2201 665
645 1880
1552 2232
1099 1424
2047 1873
2017 631
883 616
855 1360
1394 527
1954 169
1677 1329
1543 1275
1879 2055
74 906
1087 1080
1958 447
708 253
1120 2340
364 576
1102 1382
1510 2305
1594 716
1813 1029
1428 1414
1425 1796
365 1384
1168 2185
977 837
586 1370
45 1380
2041 230
1944 185
1065 1453
370 2234
2116 1650
2032 1843
2222 246
1064 2291
1363 2149
31 208
1510 480
421 1255
1613 310
488 1535
510 441
2336 1499
1198 1777
1527 763
157 196
72 1489
142 223
925 2082
2085 302
738 1463
795 517
1824 1364
1810 1410
2128 281
585 723
529 2206
2223 1277
876 1435
809 1383
1303 992
509 631
249 1738
1200 2026
1525 1438
147 1181
2094 30
1021 676
2267 801
558 1665
1304 1602
1253 945
172 213
2164 1980
2304 1981
2079 116
2143 160
1909 333
1961 1973
1164 717
1020 445
1265 1280
324 487
1789 153
259 949
1199 1018
1380 347
1465 1064
1057 1266
484 1596
342 1714
245 286
524 1090
1583 968
1932 954
143 1187
1630 479
1342 687
583 1448
1349 149
889 799
213 698
1497 1607
537 2132
1786 1879
1998 19
743 555
2306 1569
375 1825
376 1107
893 2253
475 7
1689 1444
1808 1783
1640 804
2059 418
832 1376
1905 1710
2008 879
374 807
1488 1316
1291 583
1628 275
1139 1393
905 374
2044 610
1225 1794
164 1251
211 1475
1716 2139
469 1138
34 372
1869 1210
952 131
2027 2052
527 1492
1425 1168
884 1903
983 631
1145 657
595 466
572 1570
651 1706
2191 1427
629 29
11 691
1692 1084
1110 190
821 2325
1871 1742
1712 748
1030 1906
743 1207
552 1484
380 202
727 771
992 2067
1010 1178
511 531
1206 1810
1324 806
2244 620
503 795
445 1081
1513 498
1673 62
1177 722
1519 828
1796 548
612 649
1685 481
2149 1658
137 1400
2153 2333
1842 70
2052 1271
2340 475
718 2033
1795 1599
1328 1532
2326 898
1642 1075
195 1594
1138 1333
280 1753
1088 493
1812 1747
441 405
1193 514
623 14
421 1734
1640 2067
150 1379
1944 224
2294 893
1991 1383
1367 1623
2275 1578
2000 2044
937 2103
2169 28
1429 1372
1081 1129
460 1166
875 1873
420 931
671 954
1510 1866
2092 1258
1457 1263
2055 1226
2014 1847
1511 1669
1071 210
2048 1314
326 962
533 1237
1502 1525
1298 1476
885 36
2164 1422
1412 1142
1199 226
1507 1162
513 618
1522 1990
1831 2079
1367 1945
1785 429
916 600
707 1579
1994 560
1763 2114
2020 1964
1960 2181
1069 1720
1576 2262
1261 2248
156 645
1832 963
1686 1224
1057 625
1992 1872
218 2125
1266 1529
383 1412
1445 1991
1762 1947
378 1288
382 1225
1815 2345
1749 2314
1300 2320
434 2310
86 27
149 2149
650 1172
1755 545
1446 2332
1734 308
5 1025
2055 1399
998 944
1721 1088
2160 1136
2245 250
2046 612
1773 1577
270 437
69 1167
946 1702
1169 604
1701 1058
957 782
770 737
1417 112
1775 696
2101 192
389 568
1533 1847
1220 1104
1041 208
284 1051
2054 1649
1772 1811
1636 593
866 2007
1806 291
1727 1412
2279 1593
1855 944
1796 1140
2180 958
674 576
85 1769
973 1497
39 581
959 1521
1932 151
612 676
827 2172
344 1619
85 2109
215 1965
2296 1092
1022 1826
486 2079
401 527
1453 209
1117 1305
1550 301
593 2317
1670 1004
92 2080
531 324
696 999
2082 2053
2203 96
457 2006
1517 831
791 1173
2138 827
862 592
1231 1417
770 1725
2099 2171
925 573
532 399
825 1813
1202 963
1643 213
2078 1282
382 1718
73 1796
1747 1210
2127 2310
383 1557
833 366
1908 1321
223 2189
1564 917
212 845
1968 127
513 1780
1385 2049
2151 1442
2181 1938
420 1730
599 2287
1079 384
362 87
656 277
1266 1494
903 182
465 974
655 875
1851 1288
1735 1564
1677 1925
1971 2212
2217 1675
425 1070
248 1525
893 643
289 2119
793 1153
2198 2239
452 1014
1189 1895
1894 140
1308 842
1605 2333
1182 835
1938 393
1481 506
1839 2283
466 1356
1531 2002
1230 757
908 239
1519 691
909 2017
577 1807
1585 2101
2026 1107
2070 1400
2177 1915
1781 1816
1299 1341
2310 396
1356 1680
630 1097
405 1007
604 1069
1872 133
1923 1073
463 203
1787 333
690 1835
675 2228
2072 1516
1194 105
2329 1816
445 968
1324 14
1412 898
406 863
623 1461
2243 283
675 1957
1331 1949
2333 1595
2214 1974
827 251
2286 442
358 111
153 818
2202 2045
1629 2109
289 52
1516 1943
2178 869
1108 407
1312 239
844 2131
1622 831
1951 756
394 1996
405 2237
1261 1081
490 82
59 1326
1777 1227
747 2030
1324 2302
783 1645
1406 1805
415 2253
2307 77
1880 1713
1769 1747
1704 59
2305 288
375 558
33 786
1110 2139
1932 758
411 131
938 788
323 1683
1918 220
34 1591
1220 1845
1141 1897
1949 27
88 1187
540 1884
1958 953
1041 651
974 223
1673 1250
697 668
85 1507
891 1718
949 1198
1055 1510
836 576
602 1598
493 206
443 1166
268 249
1267 865
505 1578
905 413
1532 1989
923 1444
2042 1526
2239 714
683 1355
511 2013
1512 2321
2160 1068
1152 1490
73 348
524 5
1021 689
613 1291
1843 1110
1184 1525
503 1495
1046 1235
1413 964
1882 701
161 1238
1761 1116
715 1545
101 1433
2313 384
1632 484
958 1451
1428 1727
1426 383
1155 1744
2221 1623
27 1436
1900 1999
1835 558
1293 386
1717 2034
1320 2124
1996 1752
877 1100
1609 1445
91 110
1583 274
1462 490
215 466
385 921
569 72
1222 352
1328 1925
1297 1270
2286 619
910 1977
1849 1501
718 1066
877 372
375 771
1502 873
648 649
143 193
830 2160
1079 1730
993 404
2296 2051
211 1163
1739 1723
2049 611
2146 2128
2100 351
1922 2169
902 2274
1155 2180
593 2198
169 2276
410 77
2162 1985
1774 419
428 835
509 1298
1349 36
250 696
1168 855
1873 974
2080 1519
2215 1948
1617 1319
1269 804
15 1148
225 1244
1445 854
2147 1016
2063 672
857 1106
638 742
507 1602
11 854
647 2133
1482 930
1186 660
2145 736
394 397
1427 1556
1311 1444
91 743
1801 1794
916 1080
268 1465
272 1270
772 1176
1814 154
1365 521
1317 691
445 924
1245 760
612 1961
1510 1590
365 1342
1445 344
2143 1220
624 1697
384 529
1368 2144
914 1286
1266 1202
1420 2331
136 2000
1005 1906
2254 35
1638 452
1764 1644
1569 2343
1721 2135
843 468
1858 1738
909 705
1677 1062
429 1048
353 760
1407 452
2167 71
2130 1685
1315 1130
1006 284
1721 1545
352 314
752 357
1939 1858
86 2124
2311 294
706 1800
322 1146
1674 569
814 1518
1871 1543
1514 99
2049 316
1347 1227
934 1746
1037 1294
232 2265
889 1293
1766 417
793 519
813 852
479 1955
1457 1470
1074 122
2250 1584
284 1419
929 2210
1289 422
1414 2341
1055 1288
2291 1740
175 2336
87 1652
2027 1259
1366 2272
1641 1098
1897 1827
1622 1660
2110 1469
2295 650
785 2150
819 277
416 1881
1124 418
1374 1806
1656 690
1228 1950
263 89
1787 916
1405 1633
1935 2208
1774 290
1196 23
1866 1251
409 448
1115 1686
777 1148
817 331
2131 794
226 766
774 1228
967 699
34 2053
156 1662
2215 1553
7 1268
1186 56
1567 191
1460 1564
1872 2086
291 298
2253 1126
203 1313
2051 1741
2303 1053
1281 238
1823 106
570 2165
103 967
1150 683
987 1051
108 2031
1056 526
537 175
1454 571
2243 177
480 989
2125 235
1257 2162
1929 1839
2192 413
1078 1668
1627 1426
1903 2204
1008 474
561 1435
2147 2165
2259 1008
366 2266
1628 1766
1199 2296
1883 2243
1518 1997
99 2154
667 178
603 2263
1252 309
1037 1717
1875 2099
159 582
1666 203
1161 677
356 37
170 1462
1887 1840
1156 492
2061 1194
2320 37
2112 135
332 1212
1558 2302
1592 1045
1189 585
1115 1222
865 497
441 2006
2140 2308
1945 2061
1810 2071
241 1627
282 584
62 1768
1827 1799
1488 1462
603 2075
1441 2099
943 313
989 936
1496 1424
1691 352
1763 2274
1166 133
73 413
1410 957
630 766
600 1293
1177 1784
604 1260
670 598
966 2021
1448 728
1727 1216
973 1558
1500 957
1401 321
1783 1583
1145 1129
1356 2072
1783 1540
1985 843
316 896
42 240
18 1586
1538 770
521 141
588 1623
394 736
307 778
1952 941
955 595
1471 279
50 503
617 110
1418 563
1106 734
408 22
2034 682
162 2229
1857 2289
1190 1060
64 732
150 1894
1764 6
960 2066
149 2081
1975 330
2085 304
586 1325
1949 2140
352 320
805 545
1979 1974
317 2000
914 1313
752 278
852 1354
2071 1843
1937 733
1580 129
907 1827
1456 2203
1619 2234
1690 194
132 1638
2009 2102
159 195
2243 344
1025 1298
1038 684
931 1923
1434 1824
525 64
2070 1599
837 856
1828 1016
1567 1484
952 915
1715 1461
2263 2183
1401 2145
357 1060
1101 982
26 412
967 943
2039 2308
1200 1690
723 1120
1432 1454
1314 746
1767 1563
995 1044
2010 31
788 2248
543 2317
2167 1504
1093 1167
183 2022
868 1866
2282 2102
701 1034
1183 1088
883 332
599 798
1391 766
558 132
1463 602
78 2133
448 731
929 2014
512 761
1877 750
1650 688
1853 2020
2002 428
303 1193
1444 1494
950 1281
850 720
607 1906
339 588
972 506
758 1992
940 2142
1420 862
2120 1989
1009 1838
1930 1672
1890 293
1501 1104
2230 1915
2250 1681
317 1227
857 493
1962 1833
1240 750
698 331
716 1668
1376 964
1305 1176
118 465
49 703
247 1366
460 1726
72 2246
181 716
1173 2001
1935 27
1690 1179
974 641
2155 176
537 1550
1453 1483
477 1994
1796 694
2298 1540
2042 191
1924 511
588 783
1491 1577
1086 2264
670 1496
290 1532
1448 2180
357 199
397 1979
276 113
634 2331
2148 1681
1689 864
914 1876
1895 1927
1318 1517
791 1934
1122 854
1754 976
949 253
2295 1872
1724 2296
265 2020
1428 155
1543 2195
1586 1766
1951 3
1933 5
1807 856
342 395
329 858
715 556
2256 16
1360 1362
658 47
2076 1627
9 1146
169 442
2016 2263
1685 555
2066 1536
1912 129
312 1490
2164 1500
2338 622
62 1803
290 252
811 2202
106 1765
582 254
43 1791
614 930
1957 567
1096 2087
275 1796
1466 2301
1272 1941
2116 1678
2144 509
1930 1072
2131 826
120 164
1488 1234
1263 16
1456 2021
256 750
1646 196
1493 9
2226 66
542 1530
1366 1806
525 512
1650 1049
564 2319
1183 107
2188 1800
1274 1010
730 1459
2306 1758
418 851
1170 2191
505 1712
919 741
1616 1602
1783 262
1013 1293
1289 1836
1069 1514
1738 2
1822 841
870 609
1214 184
238 1175
1180 2289
1980 1910
2339 1182
124 1845
1227 2300
1126 375
371 645
249 2262
922 53
1888 19
1073 2203
1605 883
1791 2013
1931 393
902 809
1448 1910
127 1770
1249 1028
1251 880
973 20
2201 407
1935 153
1989 1366
183 1563
1090 1208
179 1569
1945 1537
617 733
221 994
2216 49
2174 488
601 1078
1506 1601
758 292
1848 228
705 227
25 1366
579 668
2198 2243
610 384
1524 1262
62 1361
1902 1641
852 599
333 790
232 1774
313 618
1925 2279
1633 517
1022 439
2014 1681
228 1441
1828 1094
894 2246
2164 2206
80 566
1622 516
2269 1790
1218 277
1524 2214
1388 1643
1529 997
2123 453
847 1104
1306 1127
1424 1501
2343 667
1761 1484
1833 317
2065 699
858 487
1156 2265
358 1861
110 1834
628 120
2011 1739
944 2321
1809 1000
1051 632
722 403
678 743
505 1315
291 812
791 44
267 155
1150 959
1080 2222
801 1601
1417 975
1957 1676
1241 697
85 2238
1007 1958
1513 809
1679 808
1798 2280
1039 1778
1059 642
1706 889
415 794
2173 133
1049 865
111 666
1388 1949
1167 1895
1626 1566
754 2035
1656 185
1993 1430
1079 1700
152 1893
691 578
987 1399
615 1175
2314 2287
875 1492
1530 1747
1176 471
1167 1474
1878 1666
332 260
1157 572
62 1664
365 2023
2016 1027
2238 515
1219 1923
2184 911
2013 295
1286 1141
1828 252
950 688
1201 358
1554 608
175 1025
871 1234
150 779
116 1920
1236 2061
1636 1446
2330 1699
275 1850
101 309
652 1857
1344 1635
1172 1029
1752 1856
1480 794
805 2326
973 1964
2156 128
71 642
2262 1872
83 737
2340 37
328 277
2231 1087
1055 1850
2093 1794
105 1408
1474 196
332 1219
2159 2165
1857 679
1193 2313
1072 2219
632 407
1216 689
1143 242
1175 935
1138 1437
551 253
1340 86
601 2205
221 195
1484 2268
2184 1000
348 2048
1599 1900
1285 1403
2241 453
1503 494
1402 1193
45 1564
1641 1299
2058 795
1048 956
963 1764
1829 486
2127 147
1890 2101
2111 2272
675 391
316 2019
444 1245
35 644
1824 2073
2323 1009
947 1102
265 1990
1322 508
388 567
223 1991
4 2173
1021 470
284 599
2185 1168
39 502
302 1102
1276 1710
1769 1777
58 2293
512 2205
1936 2051
1962 861
1186 1368
2223 563
2105 2335
2 1714
1480 563
1212 1377
1813 712
1603 632
1966 789
1854 484
122 1896
183 1732
1577 1494
1176 1269
857 737
519 1633
1639 1440
1154 1622
158 1125
443 716
243 144
932 509
996 605
703 1671
1891 1368
284 1275
298 1373
384 1584
662 1053
140 2089
399 937
1791 901
432 784
1753 21
1859 57
817 2186
793 1116
90 1275
1569 1481
1980 556
968 445
2302 1030
1515 1525
1259 1465
1377 147
1288 2124
1977 1199
929 1802
1868 1324
771 2194
244 478
793 1526
2030 996
1706 1004
2313 1359
579 1554
1991 1017
890 81
1415 2256
1712 647
1554 2321
1511 614
2215 815
198 1775
2327 1219
2223 119
1968 1873
2210 19
849 1884
2123 1888
817 282
1023 1269
229 1284
2157 171
2087 1142
2007 239
1564 1151
1852 470
15 2031
619 809
803 1490
1203 473
1835 316
188 2322
145 1888
354 807
1914 1410
919 1145
1949 1579
1900 213
924 630
2020 355
2318 405
1030 2193
12 41
1859 1793
1271 2057
719 535
1742 584
1580 725
1556 78
1557 665
1638 938
1984 2146
1632 1001
2191 561
908 2177
2239 1166
1262 505
1231 711
1459 1744
2098 1322
1214 1338
2332 1477
216 1343
1347 2305
515 1938
862 1970
1449 868
670 981
1158 1800
1826 33
1028 1351
1538 1416
859 2131
1812 1993
1052 503
1752 1513
652 1391
1586 2179
1744 1233
370 1166
1272 76
2160 844
1305 1055
1082 1199
298 1259
176 699
680 1745
2171 1841
1429 1399
1058 2231
1171 1321
654 2149
1922 801
2220 2137
1582 1129
855 2291
1248 902
1511 2313
513 474
1272 1700
1910 1839
1388 2315
1586 25
147 2318
1529 1542
1860 1281
201 603
598 2273
1567 1305
1694 74
1520 1716
1324 468
322 443
2260 2127
296 1746
2301 1243
1058 461
269 1587
1063 622
127 1709
147 657
2139 826
513 2252
1524 2239
1186 1271
793 786
1115 33
750 1596
252 276
2228 1784
1209 2319
408 994
2272 673
1637 2037
69 1129
1204 450
838 1440
1200 191
1094 907
943 1468
1784 1718
876 950
1895 2306
644 1109
1462 2007
1719 2196
1767 803
1833 490
2045 226
1173 2040
2081 2197
1280 1912
549 1330
63 2004
1880 820
499 1482
2287 900
1881 1059
1866 2132
1425 269
2297 1286
2326 1811
35 350
1275 2341
2290 1072
445 221
1329 1590
1119 1209
1016 697
47 1979
1102 82
2077 1045
1265 1912
1264 856
767 660
2023 735
1720 2230
837 13
138 2243
1070 666
44 871
1813 2
1273 1531
634 744
54 1791
2278 927
913 652
1258 2104
1163 152
1703 1786
1158 1890
763 2152
2200 1562
410 565
1030 1476
749 1634
1501 894
1665 1926
2009 559
612 138
799 1373
809 1027
1659 2188
980 198
884 1416
699 1410
1350 1135
1565 1452
207 2020
142 401
1372 819
1057 872
421 1598
1620 615
2164 667
558 482
900 1617
138 859
771 850
270 2081
495 213
2229 1744
1375 708
1971 1895
1407 771
1714 120
288 1711
228 800
1595 2185
174 103
1092 641
226 1667
406 1984
1273 444
1211 1647
1014 1637
700 897
1607 565
1140 1365
2149 2263
439 615
305 598
2060 1052
1312 569
1022 1673
1874 1079
1164 382
1400 1166
515 1450
1169 939
1651 2084
284 1459
860 92
1406 840
1374 2147
2072 96
1314 366
2015 1927
894 18
2326 1288
1036 398
1945 988
1414 510
404 750
1194 1784
511 1278
952 2106
924 1179
229 1712
2081 531
2010 574
1118 2145
2321 260
1394 1894
2252 977
2162 2181
349 2332
1166 1839
1191 2314
237 1517
665 1547
61 1072
1460 1976
1420 1528
1913 1312
2014 1794
2069 1320
950 351
981 860
1409 1418
1974 2302
1527 1423
102 180
1416 793
365 1319
1533 1052
1399 382
2243 167
1378 1650
1769 314
2281 2221
1027 1959
2321 1253
1350 339
944 825
2012 439
2037 1054
474 252
1969 1552
1991 1344
1054 834
921 658
1714 1959
1256 1801
1943 182
1704 673
1379 1264
1352 1359
441 758
970 2193
456 952
375 587
202 1734
1719 661
1951 1235
81 970
297 733
1524 1099
1969 1575
2200 394
1033 189
2152 272
802 2116
699 1708
1038 2237
1580 1261
31 503
16 2127
1581 70
174 1563
1247 219
1887 2208
1021 1842
2001 1720
631 36
262 1816
649 272
1137 2204
1180 1887
2316 1406
1967 1131
846 685
73 1185
1059 1867
707 666
975 12
619 772
763 791
718 1081
142 2024
2129 99
825 1464
1553 567
1697 479
428 399
89 1113
1209 328
1548 59
1174 1892
1505 64
346 1900
1290 1599
1036 431
1857 921
268 786
1325 1541
1324 1354
1071 1489
2332 305
274 1860
1861 669
237 956
332 2240
1194 1880
2089 1960
516 888
1519 2301
48 1174
2291 825
236 841
391 1325
1478 340
1038 1131
361 1634
1736 1870
1674 1060
1014 1551
180 2182
2295 526
1226 1519
2105 533
1607 1134
318 34
2255 809
1500 2246
1126 318
315 1320
2234 2304
2052 230
446 801
798 1287
1444 366
2071 1557
1133 275
124 550
2158 790
2086 938
1961 597
1394 2169
985 531
1077 774
2171 393
2344 843
529 1579
2046 15
1672 1210
2018 1332
23 709
1760 1899
711 1059
1965 731
1267 2246
1645 1668
1457 869
1804 699
449 1336
1030 1434
1471 1911
387 378
117 106
292 839
878 1553
334 87
1907 50
712 2030
1720 1103
1829 937
497 1387
789 736
175 2211
218 2164
552 2080
700 1242
379 208
1661 1723
1509 152
1949 111
2242 427
971 51
423 1056
1077 572
1850 1753
2258 1905
1852 610
389 210
1140 1338
2266 1321
655 2243
2216 619
2230 1419
870 99
408 1837
980 1736
285 1266
1914 824
1032 317
631 1738
352 528
269 2121
1397 553
692 2040
1236 1072
748 21
1078 3
2031 306
1185 243
426 1286
444 419
1078 1327
1673 579
1384 2045
2187 1293
1207 2088
1319 628
1627 1917
468 1190
2153 1874
1149 2249
2322 511
1759 1822
1008 2124
403 860
730 2222
461 1410
2143 1241
91 171
693 1263
1853 441
1400 1770
2125 1323
1062 645
2082 1722
1225 1510
2102 1282
715 1576
1030 496
1606 1832
1679 1845
2312 1473
2118 1435
1267 2235
2213 475
2162 52
1909 911
2121 2021
952 767
1341 2299
361 2215
498 1354
1608 947
239 35
791 1936
2110 1280
1731 1285
1206 311
1824 187
644 2203
42 689
2326 2286
1366 2335
298 704
671 332
1499 1800
748 1036
883 1999
1045 1205
2137 1869
1245 1300
1376 1961
1542 2280
2197 1187
1802 1651
580 2145
1308 360
1815 1925
1923 91
1236 1703
2050 2238
1425 1848
1220 830
297 1085
1197 1601
1631 829
2032 549
835 983
1233 1183
302 354
811 112
627 2044
1268 1860
1512 1759
176 2045
667 1448
964 1294
1175 1467
949 1082
1838 1807
1474 692
1598 109
899 460
1990 1687
1877 1349
1697 885
1401 1440
1040 894
1146 635
704 122
2056 1056
1801 1143
118 321
1577 1454
16 1629
1831 291
296 2243
14 620
2314 1886
347 2083
220 2100
1982 849
1918 1520
2236 830
1797 780
540 2110
1550 1354
482 301
1215 1948
1137 770
1516 2070
1118 1234
2102 996
1065 1205
1951 100
1503 447
284 1017
1967 2102
224 1207
1077 1599
2332 237
1321 123
2139 133
2019 1967
790 962
476 2167
52 1216
1007 1034
592 575
1794 2205
1398 2167
925 432
1658 1929
1000 1331
1129 1223
1419 645
1963 406
463 1228
1736 6
2041 402
1572 2342
1339 156
583 223
272 82
1125 2202
1632 56
684 209
887 757
2343 364
807 1820
2185 2287
1333 45
288 1754
713 1381
1847 147
155 1418
1612 1531
39 2107
1591 26
1013 1300
20 950
688 965
91 674
2302 1473
466 1453
609 2053
715 119
1307 814
192 2257
589 2130
2217 1012
2011 1139
1778 829
939 1902
165 1659
1469 1741
945 1998
312 98
645 552
1115 1309
1867 1793
2009 1754
1550 2096
102 201
2317 537
2040 1893
283 806
78 1657
1302 449
577 899
1252 462
308 1656
1878 1339
2091 305
2299 2076
896 1125
1028 1886
955 1708
2229 936
1289 373
494 1327
1775 1549
985 1489
2279 17
1428 1726
2032 2045
1262 1101
1700 693
2331 251
1796 553
1882 18
187 825
1029 896
841 2298
1991 919
574 44
2209 419
822 2294
845 1337
540 131
2020 433
1817 1964
68 2062
344 1539
1138 161
554 211
834 1943
2219 1912
234 1195
116 910
1834 1711
1253 882
118 729
157 87
1373 907
2311 1284
153 451
483 1439
1052 1254
773 734
2291 1101
1029 137
897 1763
1960 1602
500 200
1028 1387
2288 950
615 1914
1598 700
74 1942
1806 577
1636 740
154 363
1759 678
1736 1981
1497 2310
383 1302
1677 460
563 1141
258 2338
1113 1753
169 352
1918 677
1317 138
1255 711
244 1839
2048 274
1900 913
387 2096
1677 179
817 1307
1720 1364
2333 945
2271 1253
1212 1095
2190 815
529 1484
1804 435
600 45
679 535
2245 1140
422 500
1918 2191
991 779
893 960
2122 1184
1983 122
1571 891
2224 354
1358 1990
1563 58
604 589
425 2034
679 1130
1080 243
687 1361
1746 1954
1444 275
797 1696
114 2005
2030 686
2062 1754
950 681
1388 1301
1844 350
970 203
59 916
261 418
1025 211
1002 1303
2199 1226
1203 1485
1333 2322
272 1150
640 1446
517 1472
1375 2333
804 1018
1867 1874
274 330
1346 2331
117 1404
2312 1872
2017 827
1656 1833
2222 170
1678 1564
397 2256
1323 45
1458 212
781 581
1646 2028
1162 1523
2218 1213
1827 92
953 1558
1166 323
113 1236
60 733
2073 1189
702 1425
2308 111
2228 548
2277 1216
1432 1548
1694 2232
358 1614
566 1524
2205 1410
384 871
715 1538
1231 1505
343 176
1793 68
1457 2327
2087 41
311 101
3 1497
1493 2210
1474 2252
2051 964
1019 877
1425 2026
547 731
1915 1212
990 60
2022 982
933 876
1557 2332
2026 605
1857 334
157 1349
1905 2125
1193 2230
982 1334
1916 343
2250 1358
895 87
68 543
2315 107
224 959
1324 322
2154 917
1665 843
1304 84
320 601
1656 300
891 2220
2058 1248
99 1706
432 1961
1784 1262
1387 2092
1001 1948
1196 1511
1021 1693
1836 491
747 1467
1093 436
495 1866
1226 1146
1814 2223
131 29
352 849
1146 1181
363 2028
1683 805
1362 1627
1256 286
1653 306
1619 1659
897 1012
2068 176
860 1569
763 867
321 2045
1915 485
2235 1136
986 1775
568 1374
726 641
1142 744
1038 1109
1352 1501
929 546
344 1676
2117 1786
1903 543
1659 1645
914 1697
549 1404
1470 1384
805 412
1104 1329
192 252
79 981
980 1682
282 1774
1159 2125
440 673
350 919
1379 1569
847 910
1047 1934
1245 1050
613 1143
923 216
780 1317
923 604
1042 1240
921 715
1112 336
1465 1185
2049 200
872 238
1633 521
787 1758
1376 1563
1056 2123
2227 1534
226 2106
1779 1986
623 956
2133 608
859 1341
403 2250
2165 1665
2268 280
95 1382
918 1062
1273 1345
1512 1922
1181 16
1229 901
1304 1897
876 2329
1735 985
1846 1552
2028 957
2178 1722
1248 83
112 115
948 1984
456 1281
1201 2080
1902 995
2308 139
1820 1933
9 1586
323 1893
1419 2239
95 700
1268 1419
2227 1222
577 772
26 2226
456 853
738 552
1211 1239
1546 919
1251 2258
1246 1006
154 539
1844 1529
591 2003
1429 473
460 1053
1491 1157
1787 825
271 837
1813 1417
2081 1992
521 461
1982 2080
640 1647
185 963
25 431
1441 1485
2108 647
240 1513
1808 1581
945 2315
1903 2225
757 244
936 1673
1516 1984
948 44
427 1378
764 23
103 403
671 969
823 313
1111 692
1385 856
1900 247
1091 1460
640 1621
1867 757
1280 734
1690 1058
266 1379
735 573
1977 1610
830 1844
1431 438
1435 1778
1855 2309
1470 150
778 2185
1727 733
1158 834
1136 1256
1751 940
2062 301
1654 60
1354 2065
601 846
2256 1681
2193 557
360 1597
1903 394
2050 1211
1364 1674
678 116
2267 1326
146 412
1813 881
2253 395
1858 2229
1133 1391
2329 166
988 1682
1099 2205
1767 809
335 1058
1118 360
1006 1322
2128 650
108 2311
303 97
1501 637
807 2104
2088 230
1139 297
1957 900
414 600
1651 1572
1531 210
1577 1704
172 10
1197 2039
1327 1055
1200 1440
434 1990
205 1696
1240 718
1601 1475
886 617
1169 1421
1687 1699
506 1466
90 1725
1751 408
1060 738
109 1740
2051 1540
2165 328
1234 1921
298 1849
1399 2047
622 1955
1547 2053
1037 1461
53 1938
1138 559
2159 514
1720 1760
2056 2233
2071 341
1009 2125
2339 1668
519 974
871 609
1867 162
1697 391
1283 1476
2014 585
479 51
514 550
1876 1489
417 1336
738 1110
979 1787
775 172
919 547
1638 1355
831 568
2140 1900
76 100
674 973
1846 869
1919 29
2334 240
1071 1756
792 317
2139 2089
1541 186
934 1234
679 53
873 2199
683 1576
1590 1259
62 1747
1246 250
901 57
968 576
1024 867
1751 1552
1867 1586
2193 1993
1747 951
771 2190
2175 1887
213 113
619 1305
357 335
1443 1562
748 139
1949 1153
995 1842
479 137
1345 1234
1481 784
111 1370
1247 573
295 282
966 2242
1837 815
243 1102
373 2270
2294 243
622 1531
1602 1226
92 1887
972 56
1258 767
15 1480
719 29
522 919
1959 1002
526 616
832 165
2255 1685
2248 303
432 1281
35 2088
1164 700
2210 1383
1201 1816
1841 1045
1902 683
598 2322
1931 104
2020 1845
890 1270
1709 1821
231 1479
1692 1390
573 781
2202 2235
2344 1729
890 12
78 1032
595 379
1850 1433
427 1440
1172 171
1657 905
1960 2259
60 1277
1310 1416
245 78
2048 500
448 2318
2293 2116
1158 1232
1719 892
1227 408
1002 151
966 746
1577 366
1879 1079
31 1629
374 1416
1515 2039
877 1133
1497 547
906 1554
803 2133
1882 1756
579 1019
1838 2290
1817 575
565 1260
476 1158
1212 1964
1534 932
774 2297
257 2178
211 1222
755 799
441 866
2166 961
1408 1220
2262 1580
548 1663
819 1616
154 2113
1389 1988
871 2114
896 562
463 119
1545 1519
134 271
6 546
52 1045
1833 1170
1922 2066
1800 1698
1228 1900
1059 1789
1719 77
606 354
1199 832
1104 542
350 1929
2020 1441
1886 2194
1142 599
1123 1694
1826 1759
639 625
184 794
1755 1792
948 2034
1553 58
1675 176
1133 1165
701 2111
20 2006
1655 1384
2245 444
1071 354
347 1310
854 1281
1288 1428
2103 680
2082 415
476 1379
604 659
376 2263
1319 1356
514 799
27 520
338 1289
1856 1319
1027 2065
1737 173
1938 251
1431 1256
1096 100
748 1053
1041 2128
1758 2127
1459 1571
793 1441
1093 1039
145 582
271 1739
938 1
562 2250
578 1198
233 479
2183 1100
1503 2246
2265 910
2206 1017
679 526
1872 1818
130 625
1159 2034
1094 1274
1604 894
1687 1485
1771 1512
244 1329
1228 1565
320 1848
1352 929
655 238
2035 1524
102 2232
2094 1044
1616 966
891 956
1207 1195
1330 1045
1523 879
2332 2086
116 1337
900 1799
898 1289
606 1996
1687 447
712 1779
376 2039
217 262
1395 2278
1015 635
1990 1224
1471 315
956 1100
2167 2115
2027 1696
895 1396
1403 603
128 1655
2220 55
482 1283
326 1857
259 1038
1490 136
156 811
557 1075
736 1039
1933 1590
1711 893
1251 1228
575 726
1425 1676
1688 365
2313 669
563 2002
202 536
1051 1588
1063 2333
717 1113
1930 287
2145 2210
2063 2256
1253 584
1763 360
997 1186
1274 983
197 568
1753 1428
1932 1600
1293 2059
900 1390
1142 1473
845 1349
1096 2057
2040 1705
2033 1441
1134 2026
1181 1788
1489 1120
1140 15
61 1508
930 155
53 1822
375 1077
1773 964
1082 1263
1588 1422
1381 1888
1237 849
439 1414
484 374
303 1098
667 730
170 166
232 1787
850 2296
2092 2247
824 1744
677 746
1984 2287
1549 839
1094 8
2115 2326
10 629
390 701
88 2289
421 556
691 639
1204 755
807 2063
1235 1493
2057 2176
319 2226
1902 307
1862 361
228 105
1516 680
1994 1076
2303 388
99 1554
1133 686
337 1709
2195 1158
701 1061
2201 1654
1595 633
1590 2064
1088 327
1031 2171
1405 1496
2051 96
132 2203
1384 1208
2131 247
1510 1573
1870 111
999 1789
1059 1061
1052 1163
1537 765
919 949
1419 1687
1079 1928
1538 2333
641 1031
359 1550
2304 782
2116 1465
1877 1389
800 1913
829 2091
442 1297
1479 1719
2197 2212
1070 1828
1273 648
1665 1471
248 695
1806 955
1398 1219
698 1944
1910 58
690 43
1975 2287
208 426
2078 318
65 1916
729 1516
2327 1559
1924 1403
80 8
450 1111
2126 1072
54 2181
1755 2073
996 869
1611 1885
240 1990
307 1930
441 79
2116 1158
2343 647
1743 1270
524 1045
49 1347
1184 1810
641 275
2314 925
684 1267
678 730
707 705
88 1392
1289 1735
564 2286
2244 1664
1049 640
67 72
1692 1341
1969 1792
463 811
2179 2345
1977 658
518 1705
235 1187
1774 2297
2255 677
1012 171
1594 957
1037 652
1082 1540
1591 1262
179 201
1679 1401
2173 1826
103 916
1196 182
1276 2243
1789 459
1519 1747
1827 2224
106 2340
1801 2203
232 628
1894 1970
1602 136
606 239
927 2337
1931 756
1846 1652
198 761
428 1229
1375 1894
447 320
1880 265
2028 1343
2038 468
1601 808
1042 515
161 1448
2232 217
844 232
892 1507
101 616
2294 164
829 118
2187 712
2021 1428
1872 1226
1022 1867
1795 471
1471 887
1702 626
1585 272
749 614
989 1347
1185 2121
545 1812
477 1335
1697 1182
1980 601
497 726
33 1035
265 1451
1807 1036
1729 821
635 240
1223 1381
1518 1544
1339 2256
451 1077
1648 2299
336 1750
2094 1095
413 762
1232 1037
1176 762
1157 1327
833 558
545 2075
1673 1027
784 164
140 1101
146 852
1063 415
113 1614
28 234
360 2196
179 1966
2167 1137
130 2326
1575 325
940 477
2303 439
85 2251
339 170
1875 224
832 1763
1291 1914
1955 1362
367 610
1488 830
517 1810
67 715
1262 1470
2302 1703
2108 904
308 2139
2200 1133
227 21
1404 1741
1359 1826
2084 2099
1447 50
1588 189
448 1881
952 1488
2246 1266
1313 2106
723 1522
658 1273
271 194
297 1582
551 2166
977 1778
425 107
2010 29
1916 1115
778 2245
1622 969
108 1168
945 777
1395 2317
2191 243
789 75
47 1851
1758 2088
2033 166
316 2285
1422 2260
117 1352
1962 980
513 195
2156 116
451 1602
1255 2084
969 225
1518 22
2065 1351
245 2096
1292 2247
1630 1756
212 89
255 1796
122 235
1785 115
2306 7
1100 1346
2045 779
1671 924
1462 847
758 1723
2204 1210
2217 1722
1514 834
1630 445
1895 695
1654 1594
1378 2076
554 886
2114 1284
1170 213
643 500
1079 2314
178 1567
924 1659
2270 1402
849 1851
1380 978
1986 2277
1124 230
1326 404
837 2199
1727 1548
2275 1897
159 118
251 1972
470 586
1234 2292
347 1745
216 1752
1094 771
1112 1345
961 232
1072 1811
758 1738
719 171
1343 1373
1804 1579
1022 997
1549 1913
803 174
2161 946
406 1234
1430 30
1493 1896
270 2236
1006 1590
975 2267
1441 702
518 1256
1948 2244
2203 1592
2182 519
2015 1195
2089 2169
955 1910
840 1199
1103 2277
95 1060
1997 1623
834 1519
1649 1235
352 1885
1535 1688
2327 1939
1503 1516
2237 1287
2325 1968
1735 841
103 638
1739 1408
128 252
1573 141
889 1780
2185 953
1827 1209
2 2326
510 1584
1397 662
1074 1980
710 575
273 707
588 1971
2306 437
1808 589
385 387
1213 1724
1029 992
1217 692
1497 674
443 1654
1225 1112
625 1446
853 2047
853 2306
147 1861
675 2227
1915 203
1617 2272
1076 719
2051 694
611 412
1278 214
1650 1516
1847 177
481 1094
2224 232
653 217
366 2049
557 529
1892 1079
627 1280
1775 1997
130 1936
1330 1342
2019 629
744 862
402 2147
391 787
675 434
1170 1428
197 1310
274 2300
2218 271
1123 1062
634 531
992 2101
959 1585
1737 2328
208 599
2315 1422
2185 597
1009 438
814 140
1791 2038
1641 1874
2308 1917
676 34
906 807
1489 1301
1143 2228
841 755
1987 1933
2064 753
1873 196
2256 976
1011 1774
1483 1838
2214 696
674 1214
2063 239
451 212
59 461
486 482
486 161
752 1852
1259 1125
485 1057
447 1307
1577 1144
1626 1652
1531 1322
246 340
280 210
1453 1614
128 713
1236 577
130 1250
785 1992
1227 599
1955 1677
409 1322
446 1354
2339 1414
1258 1543
1213 1013
1726 329
246 558
732 836
320 1198
86 1986
2223 419
1110 620
433 1322
1557 814
689 1853
1069 681
1768 877
2159 1489
1369 53
1204 1347
260 1776
1312 1654
657 2156
352 689
2213 1811
1630 1774
2240 845
1762 2057
947 59
245 988
1070 837
904 1529
433 321
620 200
660 1943
1126 92
948 1598
1037 421
1748 1844
406 800
943 1418
1511 570
1647 1299
705 1697
1075 505
1227 1151
1626 1565
2134 386
623 1947
799 1500
1788 1053
152 293
1313 95
280 1766
609 2219
1273 624
1357 1602
1683 528
560 2279
459 639
271 1758
2230 2125
1900 1610
680 866
584 2340
1571 310
1163 1189
101 1520
286 2072
1472 787
1190 1138
660 202
2189 2200
669 1425
1454 1330
1548 1036
109 281
862 1439
2191 893
1703 973
981 237
2302 1288
2260 2053
2046 1593
863 1315
1621 730
785 2201
1409 1803
1641 1062
1405 1463
1973 2312
1291 669
73 1251
1808 1664
1829 1528
702 460
883 1590
2088 1978
2104 553
1801 1372
2009 1864
845 1764
352 281
689 1908
1936 1659
468 480
613 2315
481 2098
1495 2299
1909 1316
1798 1460
374 2154
1666 348
6 258
1584 971
1936 52
1909 209
831 1603
1428 1666
1214 1890
664 218
271 673
1897 390
1150 63
2027 35
808 537
525 2246
1689 888
1942 863
425 654
1967 1122
1776 1916
1129 282
146 1791
2321 1764
1111 644
1319 219
1593 258
1712 1513
1575 1066
1071 1459
2169 2176
1591 802
858 363
225 142
753 577
1111 1258
1800 1594
799 1448
792 1089
1627 24
25 639
903 785
1123 1423
2055 954
36 1030
347 1809
104 850
1657 7
971 1325
738 1036
1164 1012
1069 1401
1780 961
1611 1780
1600 1130
1663 267
1976 2124
1103 975
2110 320
1082 1121
1228 533
207 2258
194 1155
260 1566
1581 480
2284 476
1950 421
2107 73
2319 781
2341 753
1769 94
820 1956
346 1505
1786 233
41 1653
1642 795
5 987
859 2092
951 1038
213 162
821 2118
1734 1976
1312 166
623 1302
1394 1072
971 606
2035 1046
586 292
854 1626
1560 2131
66 1509
324 529
1627 1760
1646 2236
2024 1680
1761 830
1075 1878
1627 1088
284 194
2087 18
320 506
1382 683
332 1597
29 591
16 1967
1155 1507
2100 658
1294 1541
990 418
457 1009
2187 721
1509 852
2172 1516
630 439
725 378
1603 1370
1057 1511
547 984
1428 260
1021 1191
2280 92
584 217
1350 190
1588 1746
269 1778
524 1662
176 1567
576 1408
1984 2339
951 2144
1385 889
561 2142
2072 1268
1668 865
478 1644
255 1423
2232 2079
176 529
723 258
24 386
1324 1931
673 52
2059 269
1968 656
1303 1711
2301 1948
2216 1851
1358 222
1388 2000
1891 1712
3 703
872 1629
774 900
1044 1131
270 972
500 2086
125 398
1253 999
1256 1205
687 2059
43 975
906 1481
700 242
2260 1312
1135 690
1273 1853
1246 906
681 657
1373 1643
1599 860
408 238
942 352
717 470
981 265
168 2202
1268 1013
800 946
320 2316
1002 2202
1923 1078
1348 183
1950 2196
1483 108
2041 2198
1286 45
571 340
650 1831
571 1923
1737 2202
1064 1166
851 248
1125 253
2273 1233
341 505
2337 541
1748 697
1604 1344
1949 1941
2306 626
1768 1011
1614 1526
1934 608
949 948
201 503
896 2069
1126 955
1240 811
2229 1746
560 664
944 1383
2216 1230
901 215
804 977
1397 2042
2152 1348
419 1561
895 2210
1383 2246
1682 1936
743 688
2167 114
687 1635
538 1859
1356 675
1733 1921
205 1305
2269 1557
1593 1604
1004 2271
1132 1365
829 1034
665 2224
1534 864
1387 911
185 1492
1332 1655
2195 1126
1010 947
1626 1470
1813 2234
4 1761
2325 2294
206 934
2134 1892
1099 2135
976 200
751 605
387 1881
1553 1985
1900 1411
1951 967
729 1260
2011 558
1263 916
597 155
619 1310
1059 423
160 1233
279 2319
370 2084
1920 1772
1661 1873
105 1064
2044 353
589 2232
431 1872
698 962
630 658
766 1706
754 1044
992 125
1574 1833
1181 979
708 1947
724 82
1170 1916
722 2247
1387 1087
2009 1262
958 2162
206 1203
2289 618
1027 1831
574 572
107 615
1735 708
106 655
856 1418
2294 17
803 2281
1 1559
1284 789
925 118
2158 1169
869 381
1683 1465
1452 1906
722 201
274 733
237 329
540 1574
2050 2033
352 1965
1186 1897
1048 414
1642 169
223 232
2294 447
1691 456
1594 340
29 294
941 1312
1105 329
330 1409
811 2255
314 1282
1212 628
346 192
1990 1882
708 2295
1630 57
2050 1824
1407 2025
460 1792
617 1135
1664 1965
1191 195
1619 596
1701 127
1685 743
1072 1154
1387 1979
2091 1701
583 1731
693 1879
170 1009
2106 2278
130 2286
152 11
950 1123
27 1537
1801 781
795 1735
1520 267
559 1325
1559 2040
422 1784
1480 597
940 154
629 539
783 564
2080 1501
952 2318
1096 145
1613 507
372 1221
1792 2225
846 1451
2163 652
1361 11
1989 135
952 1089
71 1613
1688 2047
21 2061
2230 243
2059 1013
754 2264
1089 346
918 741
1058 1429
1852 40
1894 1766
45 1746
1508 1785
1027 2260
436 424
1720 577
68 1379
518 854
642 1517
240 1271
1252 1159
1079 270
2119 788
1128 1092
1504 1847
1700 1280
203 1576
68 119
1284 396
1299 660
1630 1162
787 95
332 513
2299 1814
483 441
1510 2283
1642 1836
1642 308
1182 631
1159 1886
476 1832
1533 395
2179 1103
1159 1267
467 2297
995 1177
1103 1979
1578 247
939 2301
396 1353
1710 2188
1697 1905
1639 1435
2143 1351
1090 1855
103 1397
694 1614
1116 753
333 2194
1182 286
1046 1043
1209 431
1006 1846
2004 1208
2303 52
339 1390
1497 774
1677 623
2126 2119
160 926
1118 1150
501 396
116 2338
2281 404
712 1485
1448 1792
2205 189
149 882
1462 1381
1786 1106
1231 1682
1689 1132
969 444
1045 421
1198 1005
1910 428
2203 98
995 1139
2191 1677
441 1406
2230 1486
1434 1694
1166 1529
2068 1783
95 596
503 584
199 1087
1292 165
1980 462
152 1057
1606 1621
756 472
1527 1463
1590 491
1145 819
2120 810
210 1871
2278 113
1927 2287
2180 912
62 636
273 1398
1011 1423
1397 1808
1658 1219
1050 91
1837 1255
2075 1737
70 1032
632 652
2122 548
647 1765
171 2288
925 2150
1474 2010
1536 2263
1798 243
1759 398
1378 2086
1243 2166
1187 875
631 1481
1399 743
229 2126
592 30
251 2313
619 1822
1610 929
1727 448
2262 2307
110 2315
940 2301
384 653
1827 2031
71 667
28 1146
1991 237
908 956
1090 1273
2328 2292
1469 758
418 954
1652 1238
1431 2124
1565 384
444 2126
220 1337
1144 248
1967 894
2322 2077
1251 1558
1332 1588
1962 1542
2129 1738
2250 1392
1294 1835
1509 1434
318 389
336 2075
1270 1623
1184 322
781 223
1915 38
597 825
367 2339
1781 362
93 1689
90 916
695 2330
206 76
56 21
1802 2115
1485 164
1196 488
845 2203
1821 104
50 471
915 283
286 2322
757 2342
2340 2281
279 1570
1460 2016
1161 641
1581 903
896 1593
1448 1830
1016 627
2274 1362
777 1039
2095 1992
2194 1910
2303 559
1563 1615
116 1484
2141 1613
715 1936
1073 1228
1121 926
2143 1991
755 827
6 238
2303 1255
1347 2344
1930 2088
2225 1013
1330 1064
1690 1211
698 805
2161 1713
221 2094
829 929
2132 114
1061 854
975 1652
97 1109
1030 1671
1589 74
1004 1664
844 2084
322 987
1395 1771
2025 1796
851 61
1421 2065
430 2195
797 1165
1238 1062
588 2335
1547 2311
1224 614
792 1779
1526 93
1314 1350
245 875
658 966
341 1704
2039 2196
1084 1642
81 2107
1147 1854
380 1145
147 1392
1320 1982
1314 530
2120 2263
2162 432
1228 300
226 780
225 356
1912 549
2189 845
1195 760
1666 210
1323 1051
1397 1237
187 539
723 925
1476 688
1227 1320
1407 241
1556 1907
611 1233
53 1055
1017 2003
999 2075
49 2307
1416 1473
1094 130
541 816
501 1797
1655 2018
391 911
940 179
1154 1056
1527 638
571 1391
1787 258
899 1374
475 1319
2129 920
1616 18
1195 2243
770 150
1174 198
1642 120
558 1320
1887 1627
290 2209
234 1216
828 948
186 611
1649 1416
464 2201
2254 1025
1698 2204
2014 1796
1894 223
2036 1450
1878 543
1257 1314
416 2315
2250 1511
1014 2064
1066 1490
1701 478
1825 1984
2206 615
2003 1348
2007 573
2107 1806
1788 2311
1983 1198
1229 1725
1127 739
141 491
1646 1051
1502 54
1820 1264
382 1037
1750 2226
2152 2032
2055 1653
2188 149
1137 699
1320 2052
973 1537
1371 628
2199 403
778 719
1851 2336
1204 202
911 469
1082 2053
1762 1733
1829 817
1004 335
1258 44
1871 336
1456 573
2217 1858
758 2065
1105 2000
718 792
2016 520
54 1517
124 453
125 875
2266 1137
1780 10
2040 587
1445 234
2128 1626
2105 910
257 1689
647 1191
669 1777
2230 1869
1993 1164
1154 215
1738 34
2045 1197
913 334
1128 205
1296 170
2012 25
1038 1940
386 2238
655 2094
1226 2033
2219 1502
966 25
2175 1623
1257 356
555 1240
900 118
1822 838
2297 1725
1491 2168
406 1214
1203 1328
133 459
2260 888
818 1879
1308 1445
1941 2187
351 130
1527 1888
717 1608
944 826
1461 139
498 1639
508 1130
2302 1066
1481 819
1513 1348
187 1254
1069 807
1807 1881
1181 1529
2110 1386
849 1485
2091 87
1794 2162
359 412
811 2191
411 1374
25 241
287 1171
1929 1006
247 727
688 910
1289 2066
959 1032
1416 9
1959 918
1518 111
266 531
1622 531
1116 453
1046 1489
1862 248
541 2085
439 1632
174 2155
910 1135
253 813
1799 1232
1368 2000
2280 1420
1664 765
838 817
1563 528
730 598
32 1727
572 1212
768 1084
498 1336
1552 818
1707 2125
760 1298
2246 1753
618 2337
2160 351
490 2057
1648 853
1300 1081
1629 739
1960 1838
1198 1466
737 2320
1232 772
814 2324
1283 662
1306 1907
540 322
1668 892
2333 2017
1648 1310
452 583
1079 1893
1576 2327
2247 2000
1414 231
1613 1298
497 1652
2043 897
1107 1136
8 1626
1772 1476
1708 840
1317 2063
768 261
746 238
527 302
679 1554
790 399
448 1718
149 983
1101 733
1375 822
2085 956
1606 639
126 365
1000 2106
2208 1113
1098 1993
762 768
1888 844
1845 1370
1689 149
1557 757
593 489
2263 1224
922 1596
867 901
114 2325
940 2149
246 1159
665 710
1898 1207
1182 1186
1982 1667
2021 1673
2143 305
271 1755
1103 1207
494 1681
1007 1060
437 2125
2316 1510
1494 285
815 1301
113 1405
680 919
2236 84
512 178
969 1052
1323 2006
1929 2233
395 2052
2067 172
1452 54
766 77
796 1287
1188 852
1969 1137
300 1902
617 1825
1766 1361
360 1727
149 757
1127 416
1438 1550
402 2134
2240 1415
2044 1721
1083 1637
1976 1739
2097 124
591 169
2280 799
1091 1681
926 362
1192 1975
1738 1842
409 2058
1472 2170
1168 842
1532 1378
2157 103
1300 1253
1706 2005
1460 2218
1706 230
563 1212
2212 1480
2093 2065
944 1121
548 1027
2317 922
472 1159
2341 330
1941 1890
1245 1350
1728 2299
1114 927
1584 846
1779 2154
1548 2041
164 678
1224 2177
424 2229
850 1805
1447 1091
207 1706
94 531
1595 1237
362 1913
1636 1084
549 2016
2290 1409
1689 2211
712 874
2163 82
1739 1476
2172 1128
779 1568
181 458
147 15
1100 723
1992 567
32 1733
962 837
113 1649
1100 117
1482 440
1561 1822
1364 571
1760 2140
394 2262
685 2049
1378 617
952 1147
59 1120
950 1192
1604 1040
301 2062
78 1982
271 1860
450 2296
1626 1056
1216 1222
2307 2027
828 636
1657 446
840 1015
853 1349
507 1636
1652 124
1963 1527
793 1236
2241 1524
122 396
202 1573
1586 859
2197 152
234 1489
377 1363
2176 372
434 445
256 2012
704 1273
1220 1581
1801 634
420 2077
1528 254
437 2050
1127 949
746 2242
451 2325
276 1826
377 416
975 475
622 916
1725 2085
789 2336
672 1198
413 2115
558 2249
2012 1460
328 1125
855 157
470 1493
1410 724
504 248
1623 1419
2219 1522
1541 1751
361 1642
348 1697
607 631
1781 1824
1470 2179
1523 448
333 2329
2228 1273
1252 1784
1563 830
1156 551
2253 1251
1617 2186
309 1348
1737 1848
1393 1718
2114 859
1072 1133
374 2131
1796 437
272 68
142 2285
1632 1153
2250 1485
1258 2109
672 518
1106 788
1869 1936
812 1489
1794 1800
244 499
345 1214
2199 249
561 1761
1132 998
497 553
688 2184
1301 2032
1112 677
263 1806
987 546
1224 923
1741 847
1702 330
680 1302
1666 1110
2137 1775
418 396
751 1357
560 1225
870 2057
1122 1021
1530 1335
2232 2179
916 154
2127 1398
998 821
1521 1433
1408 90
1558 611
1892 1757
242 943
279 1935
2262 399
1768 1785
1612 502
512 547
709 1449
1574 908
1963 1901
974 1393
906 1558
253 410
543 393
286 172
1549 326
461 2240
1213 1862
1152 1701
704 237
1056 398
2056 1648
2205 929
1870 1390
376 1780
587 1044
2143 1159
1275 545
27 891
10 2080
461 40
1144 2075
352 423
49 1908
443 2187
197 558
1673 879
642 1263
2154 2263
1664 1748
594 1881
980 32
646 1421
2043 946
947 770
1967 227
287 1839
1515 1601
205 2209
684 448
2089 1530
542 1709
494 1462
1993 139
1845 944
703 1478
505 1982
280 1263
1080 1938
597 410
701 225
623 2187
1049 11
524 1753
283 573
1204 1957
1787 1853
1165 539
972 1434
481 908
1460 280
1025 1494
529 565
953 847
593 1189
1282 765
1071 1331
661 754
1716 1817
587 1637
422 406
490 1628
2232 1575
956 635
1511 1154
39 836
1752 1462
732 846
869 1791
1256 1793
1255 924
865 1377
1904 661
1616 145
1164 464
1334 1449
1165 1835
1586 1198
1259 1931
1534 955
949 1484
1428 567
55 483
1295 453
1558 69
357 490
714 1555
727 1815
1331 2313
861 1641
1719 353
198 727
1515 1230
1327 1745
820 931
1499 46
1265 2009
2198 322
429 1690
1244 1821
185 121
1723 738
1948 1866
522 569
1005 1526
1327 135
1532 658
1166 663
1624 1182
1061 1581
1708 1512
569 2187
1324 124
1462 1461
555 363
943 1116
2211 956
1600 697
223 2219
1457 107
1716 1740
181 1735
2056 194
2131 1231
1350 2191
251 2161
490 1506
1966 2335
1952 1600
2180 168
1748 2017
838 941
1852 1432
46 1414
184 472
409 1501
1950 975
56 940
366 30
1014 1190
2341 2125
1654 963
931 1983
2003 1859
1742 889
30 576
1456 1911
215 1878
6 43
254 2248
1317 1579
57 1589
319 131
1446 161
1556 1855
1102 661
1711 1976
167 1462
991 1061
1282 509
543 1474
1897 1973
1207 1954
1985 801
643 255
1319 1178
295 2281
1162 1323
255 1797
978 2053
2289 1287
1807 886
1186 942
1692 1732
916 2137
730 549
2198 1617
1409 1917
2301 97
2214 1298
861 2183
1328 1214
1861 2227
1798 1366
482 827
145 1764
55 678
1390 19
2248 613
2293 1291
1675 1304
1842 96
2118 139
772 988
411 1815
1787 73
1219 2244
1523 75
1319 931
711 1334
404 2005
617 2087
906 931
1228 951
204 778
1794 2036
1320 833
1651 1361
627 776
763 1670
2334 1868
169 553
1708 484
2081 2257
263 822
2109 619
1764 2190
2067 1861
805 49
1074 687
531 1612
1234 741
1454 1886
592 2274
808 76
1602 1445
1691 1117
350 2018
525 1383
1584 2233
1036 67
803 1556
1198 997
334 450
6 168
1971 1653
338 1802
310 785
1628 1486
1042 329
971 961
2065 1286
1374 1967
1717 1006
1137 1602
1745 432
359 2263
2078 493
1049 310
58 1676
1203 17
896 139
1275 396
4 1190
214 1627
2210 2298
490 1715
2341 1563
1920 498
1092 1161
66 542
237 2050
731 2123
1859 720
592 267
2000 2275
260 1865
2190 1755
1535 1525
538 1008
880 1903
1039 821
421 1538
319 2048
1381 1744
1131 1222
1965 1911
205 483
2119 607
580 1726
1972 740
478 1019
1024 1333
2217 1526
1997 122
2034 182
1172 2342
50 86
52 692
1067 1134
639 251
1331 1124
958 1953
1501 1183
2072 674
661 858
37 187
1966 73
110 1976
529 1215
1762 2172
1028 606
214 921
1770 1540
462 1626
1727 2062
335 1667
1391 1447
1181 1052
251 1088
915 350
1496 505
879 1627
948 706
2163 1965
606 814
925 1112
32 2303
2084 890
707 388
821 1555
1864 2331
536 759
2140 500
1994 922
2091 819
2206 208
1099 1521
1870 462
588 1787
1751 1331
848 2047
412 483
1730 1006
393 2026
720 1009
1431 2210
2319 136
1793 1363
2148 1268
570 1911
207 274
1949 1307
1612 508
1245 1510
1281 862
107 1186
1478 2060
1485 144
772 109
1006 1448
1680 446
1860 851
659 680
2174 370
687 1405
2138 81
1766 637
57 2082
1499 1694
1037 1032
1110 1002
1126 2326
1523 484
946 1952
1007 597
964 191
789 333
998 495
2203 2111
2059 192
2224 2048
1980 385
606 2330
594 432
745 1691
138 1878
2314 552
1928 66
817 1166
559 807
903 799
1111 2248
542 394
332 714
1523 967
1597 2338
1599 2323
277 390
1665 469
598 1773
2323 891
738 2111
1295 873
1864 2140
309 870
1386 436
892 1400
1160 71
980 235
1032 63
2006 304
2110 371
2126 2008
384 440
1772 1899
1456 43
2159 461
291 1285
366 1639
101 2088
1777 768
838 424
844 255
1732 1920
114 496
906 847
479 1117
1325 850
1248 345
763 864
629 2111
15 1673
214 1774
820 287
57 711
2266 883
1311 916
1495 1982
341 228
1502 1020
1423 924
2313 1013
2134 1760
1989 859
348 443
875 355
26 489
206 1564
478 780
159 1791
703 147
1085 1687
1036 304
1198 654
56 174
1703 1353
71 365
448 1157
2144 640
1562 1704
752 1592
342 1632
1785 605
1581 148
842 1431
1929 601
1796 1161
319 1432
238 487
447 1933
728 1446
1020 532
2118 583
1394 1647
1544 1917
1784 762
299 92
1448 2233
1087 1261
219 1928
931 1307
103 137
2062 1715
2327 1004
1692 562
2027 2107
626 927
1822 579
767 1615
2098 2117
2331 2216
2127 2252
57 973
102 1870
887 1585
492 1295
334 1417
700 446
1552 900
1282 541
70 690
1618 1413
493 1729
1606 454
1618 1650
877 1849
77 1346
1324 1115
1895 2009
1446 1244
182 517
2093 933
2021 1362
2064 1257
1053 473
1786 1373
1836 619
183 514
868 1013
479 193
996 950
1583 534
1569 2045
2089 1
321 978
1435 1275
712 1476
147 1918
1948 2297
298 1301
2307 607
1387 402
1229 1839
1545 1570
864 453
2261 1650
283 1469
992 824
2246 1397
311 1454
1482 2253
1905 642
969 1326
352 2019
482 1292
16 1235
1142 2145
801 386
2175 1163
465 1884
786 1594
1725 1368
80 1282
1769 1225
656 1479
2074 1912
1167 1282
749 1318
332 101
2188 1770
1521 1417
1644 2308
1614 1922
1580 863
2327 1688
840 2143
1771 373
1252 902
1554 1005
1659 1476
1012 330
1362 709
90 2279
1827 2106
1201 185
935 1249
1219 2157
1616 40
123 1546
2316 1704
489 2342
1864 1383
1701 760
1788 1656
1126 466
795 258
2059 1765
263 336
1565 143
2192 1934
1312 145
1735 963
1867 825
2093 532
2244 1848
918 1332
2189 1619
229 1226
1815 1010
1643 545
420 394
1038 745
1434 1666
108 1655
2268 1774
2032 1651
578 1733
1250 1503
1471 1311
683 844
1932 238
2300 2326
494 847
416 2227
1721 924
1677 429
2166 117
1993 1448
2296 2280
641 232
220 391
1317 1081
2336 2
1114 810
85 652
1240 1230
632 7
139 2088
1274 614
371 242
1077 140
2242 1078
970 54
1212 931
2040 758
1148 1061
205 1197
877 60
1901 58
1505 463
1879 1786
1183 702
1041 1214
626 1659
225 180
803 567
1690 1527
134 2127
874 435
641 1343
1528 1160
204 193
1520 1733
2100 187
560 928
1703 483
38 1603
1284 614
1048 1086
1648 1723
1413 1687
1053 402
1800 1870
2223 5
2073 480
19 2291
281 1943
2161 1138
1169 942
1536 358
372 1377
1413 1982
2177 1664
2132 947
515 2050
121 1392
1092 1009
1266 943
124 1486
1577 535
1141 1649
428 151
1329 2026
1517 2166
2285 1489
2099 1661
249 1371
404 2065
798 1973
937 2223
1587 2086
413 1945
452 1850
1418 1609
191 219
572 143
1919 1237
104 960
696 2268
2108 1476
887 2057
362 1893
366 2187
922 1616
212 1219
870 289
9 1110
2079 347
2302 244
417 1154
674 484
1681 933
1985 554
1859 1024
1049 87
1801 973
1305 738
315 1912
46 1453
1154 1400
686 534
1155 62
736 2036
722 2023
796 138
551 2093
1500 1148
1479 1210
1897 1314
247 1288
1141 83
2254 1064
1727 852
667 819
1119 259
587 1757
1062 2120
810 812
1902 1552
2074 1221
1337 1938
87 251
1194 1417
1129 1123
85 840
1846 255
2045 1600
646 1169
1387 68
1951 1219
1678 2208
2166 1452
123 1834
1857 486
1486 1006
142 1610
2004 121
339 2063
2224 393
1656 388
2299 1471
2249 2318
1460 798
1880 1168
964 413
188 998
1914 1079
185 2338
89 1761
90 385
2057 302
2204 225
342 540
1066 1260
599 1140
1166 1852
27 1068
952 1623
2278 528
1850 1339
230 2043
1524 1970
2027 1462
2038 1085
300 6
1176 1426
1963 1976
497 524
1252 1136
111 2028
1605 1314
2021 1664
1319 1709
1118 2189
469 2012
21 426
734 1955
194 2316
1569 2213
1194 29
1028 136
92 95
1717 479
483 165
2149 116
1518 1914
1440 1457
107 1281
852 154
1493 932
808 1215
1195 1898
648 148
2338 390
2301 2135
571 1692
1724 440
1716 1380
206 1124
408 1223
579 1525
189 285
950 295
22 414
1262 272
1703 1898
948 336
427 804
1807 550
1772 1734
389 1627
214 1181
188 1187
2168 2299
1227 1958
1234 1924
1986 1821
254 979
1925 413
726 437
1676 1807
1136 1382
882 1069
1359 1934
155 630
1102 1018
1862 1322
339 1487
1179 106
1000 1427
2297 2215
1972 2344
294 2132
786 971
840 377
1457 1499
1689 1213
1106 2153
571 2080
878 189
2186 674
2331 589
2339 1160
134 1130
2065 1970
369 1339
1728 153
923 1316
1752 1518
2102 8
1118 1872
2009 608
376 1225
1192 521
2331 270
1441 1938
1166 959
2297 1250
392 1829
1648 1372
1585 1765
1072 1823
2321 1620
2055 1621
132 2162
262 1477
660 983
745 1321
1059 1559
1301 1355
1325 777
1208 355
1476 1815
2254 1518
1285 1752
1307 1621
510 1638
1226 1830
753 450
1207 837
2031 1665
1900 1136
2176 1688
1801 12
67 1871
200 2065
201 823
403 182
1707 113
1606 1203
1927 851
500 171
725 311
1101 120
302 1956
512 1510
647 204
1353 891
574 651
754 901
1779 1889
135 524
699 1188
1101 929
307 1064
732 1712
813 1242
2137 839
1896 1155
1575 950
1606 939
438 2083
2196 2319
1990 840
2056 247
1670 891
1105 1832
1695 1795
1308 596
744 2331
416 828
2049 1983
1542 106
2078 395
2215 2181
1692 1755
1578 1246
440 1975
2338 267
351 2007
2198 853
868 2057
2094 1421
641 473
1320 1889
73 1835
422 1937
1579 216
1081 847
2256 882
473 75
1459 1243
1286 589
1181 1709
1995 1655
397 1965
616 691
1522 942
1025 266
242 2296
166 2307
2109 1201
1856 1738
1565 1480
880 1473
1539 738
1552 1924
1627 477
1293 483
189 1002
1134 305
164 1367
1832 1252
467 658
876 629
265 158
2190 1387
1511 786
1563 472
1473 1433
576 1362
174 1448
1789 101
139 1536
965 1659
971 875
1813 1996
1587 561
193 165
2198 1401
1335 719
458 961
1096 1739
1145 340
2163 2148
99 1788
240 1932
699 851
671 1543
2313 2175
780 2131
2004 697
877 925
1515 22
1494 1927
321 1246
2081 1079
980 181
965 1407
357 504
593 1172
1054 270
129 1832
1803 1506
398 2305
189 2053
1144 1399
404 1494
1507 822
350 482
203 1529
2290 2253
222 25
197 1030
1417 1719
701 1150
890 1564
957 1428
838 1532
1416 19
528 1900
76 343
1007 294
1099 1027
1668 698
1170 5
1539 690
170 1740
243 269
1908 1769
1992 1114
2265 2105
1484 1289
2253 1276
1922 783
2069 1937
2004 1023
896 1695
119 131
1390 493
916 1644
652 378
747 129
1338 1936
2037 111
449 1406
35 333
963 970
948 1815
1671 1591
1896 661
1347 1163
262 1833
2222 195
1062 530
849 1228
1490 989
1076 1632
134 405
1463 2043
773 2300
1743 2174
1853 943
1215 1182
1867 1895
1698 592
452 2302
253 630
1981 707
2097 1048
487 1598
1643 1438
942 1881
1547 1070
916 836
1745 217
126 678
2026 1217
1175 1189
1619 683
225 1873
1448 834
281 869
333 1812
745 1936
1223 661
1097 2223
873 2110
969 903
870 529
948 72
647 2104
268 1050
430 311
548 676
2020 1726
2104 260
1060 725
2029 1516
1713 2182
2165 1207
1259 637
200 2125
859 40
1051 715
1780 1135
1965 1078
127 2312
1860 859
2134 61
1879 978
573 2316
2095 1845
877 1215
1086 506
390 1037
326 894
1943 999
1842 2190
127 228
2223 1144
575 995
1585 237
1951 794
1901 7
1470 2045
1044 1432
1750 1226
2286 813
1736 1631
398 755
98 725
998 1705
69 1150
793 1478
328 2199
306 1519
413 1728
1037 839
1803 1776
888 1043
1630 1485
1249 1426
310 622
610 1445
206 950
1417 458
330 742
256 627
1519 1609
1771 107
1728 903
863 287
1026 286
36 1931
940 2280
1731 341
781 1871
1748 670
360 707
2300 1293
1129 1389
1287 2066
481 1910
2188 2012
38 653
1080 187
369 1382
2140 1146
745 550
670 2149
1779 1340
1564 961
486 446
418 1881
1099 1270
1150 1360
903 1122
470 1853
2302 892
1713 1648
2022 1196
1632 711
214 1560
308 1438
14 1825
1931 435
2234 1473
1353 1948
147 1894
810 1750
49 1046
451 226
1727 1335
2096 1558
1237 713
659 1935
27 2239
1721 1302
577 2337
32 2261
1607 282
2289 1906
1149 1899
1390 1936
1851 987
2156 405
1090 603
104 2222
510 2187
2053 2253
1426 588
769 558
504 1814
525 1991
361 1196
169 738
1153 1900
835 742
322 15
619 1208
2115 2340
708 1239
819 1858
692 1564
1599 1883
524 1949
1624 1545
2163 720
2084 2166
992 618
882 1694
1134 2082
1876 218
531 1037
81 1526
1009 701
1940 210
539 315
841 1551
1619 2303
174 1385
2011 1625
34 1507
1923 1319
165 1739
446 2260
664 1543
615 2206
538 1522
863 1725
1903 922
404 2052
854 1350
1905 721
415 1059
1861 1677
868 1398
54 1451
2112 733
597 721
1311 822
1872 66
1428 1779
1876 1443
1716 1101
1802 849
522 324
927 1275
1233 914
1776 1617
1636 1187
1862 153
1391 2166
1589 163
2136 1772
999 2231
573 283
1916 2196
289 579
1699 1517
2198 1845
1978 233
77 1705
958 1213
64 743
1916 1491
1125 301
379 2089
1792 1411
2131 248
1758 1859
456 1550
930 1567
2273 1926
416 1315
232 1593
1940 1799
1079 1848
104 585
1938 276
696 1328
1655 391
2316 1926
1089 753
1522 2319
272 1383
51 82
691 1728
1789 293
140 2064
1774 62
577 2070
746 836
2335 798
357 848
481 281
2165 2300
2113 555
1286 1943
1943 794
1592 867
1511 1156
20 2334
725 1543
1198 995
1946 577
293 1852
1197 283
1098 952
577 1962
277 2262
1039 1350
500 1710
1316 158
1164 24
542 363
387 294
154 74
977 1682
955 1517
2003 1290
1383 84
1273 1251
1442 1218
176 180
1322 2040
161 2246
94 1046
2085 455
1951 1786
292 698
882 2088
1073 821
1330 1306
2152 1508
1303 154
1577 2013
9 402
2062 1385
974 1003
1078 1549
459 1651
733 1261
1587 810
304 263
1062 1575
1634 1280
46 346
873 1988
800 1208
562 135
53 1057
1007 2232
2181 1445
199 1500
358 343
226 2090
1569 323
200 732
429 345
1937 956
1949 469
1810 2032
1324 845
476 609
659 1976
1121 1642
1770 1036
2093 891
1797 1413
1717 851
23 604
483 931
571 678
1206 209
2324 156
276 1714
235 1954
745 921
2267 1690
1512 1437
660 1189
1204 487
1677 1912
2066 2162
1978 1667
2003 1734
491 855
1284 1613
57 1831
1509 2326
1287 987
353 1224
220 734
2051 394
1921 430
1077 1562
857 1354
1322 176
1912 809
975 418
1274 1723
2188 1530
2098 1237
356 201
1943 2118
2040 313
504 1531
94 545
605 184
973 2134
645 23
906 1717
1580 1961
1306 2034
2311 1314
494 2270
149 1633
1943 514
2266 2032
44 59
2331 429
1180 1708
1038 993
703 1870
1003 1562
37 2335
767 197
1585 213
40 1069
1183 1237
875 911
693 2212
1082 1206
1578 2219
1299 1577
1134 1641
206 1921
297 2019
869 844
290 1587
2274 160
67 531
612 1511
391 878
206 58
1830 1322
1253 1499
669 455
1161 1407
1287 2205
1546 139
1972 1669
1349 345
2171 2283
1483 1306
1671 166
2328 1829
1684 958
1870 2034
1857 1474
305 809
2326 1618
2150 56
787 2248
682 555
1051 130
222 2345
27 1469
1173 1588
1604 606
1026 2308
795 491
1113 289
42 1662
1874 388
1476 173
366 1068
2221 1700
152 222
1483 45
1470 2124
1525 805
190 1090
674 1898
2075 1445
1068 389
1326 1536
745 2131
1159 1066
1546 2288
1455 2096
1582 875
2199 182
2066 445
1617 248
715 2047
2275 1247
672 254
542 342
1077 327
1909 35
1628 520
2306 149
1082 1333
1111 1675
1898 939
1918 489
1789 591
793 2119
1250 1042
1231 181
791 1247
1687 1638
1662 1965
1551 1745
2294 2090
392 835
872 1910
1161 1535
1005 898
1673 619
2215 2176
131 2296
750 1635
1227 2145
1285 1907
1148 2212
465 1158
1880 748
1916 1067
1359 1031
1262 1460
374 957
2301 1972
821 56
2282 648
1265 777
2121 1980
122 538
1510 2290
428 1968
879 221
1828 1948
1718 2117
1465 1282
1305 521
537 1090
852 373
166 1409
947 100
140 54
2082 288
990 1282
494 1667
1849 1042
2067 260
498 246
821 1889
856 948
2067 1666
1489 1562
1313 945
2223 840
2129 2286
2090 2000
458 619
1377 756
495 1898
730 1877
725 1767
55 1947
168 2050
2345 921
488 1240
2310 1727
317 1646
92 1525
252 961
868 1877
731 1357
916 2165
694 453
775 2262
2228 236
726 811
533 299
1215 1489
1341 1338
802 936
1228 1458
132 1427
958 640
136 1468
521 1685
2033 326
1928 2081
1784 1987
1832 1729
1109 1790
18 2197
1371 1789
409 896
1501 590
1007 1472
1318 2216
316 1631
1875 2322
1505 1254
422 2013
1915 2045
1846 2122
301 1112
610 1446
1878 521
828 1908
1395 443
15 423
199 805
1693 286
1919 1064
31 566
1865 2318
1955 1499
1479 1201
2341 841
817 2195
519 135
1511 133
1897 2141
2250 1764
737 1309
1817 1991
1337 1608
1688 490
968 1142
447 128
1287 2246
1846 393
577 1
2266 2257
272 1135
1343 511
810 289
239 1488
255 41
488 178
1483 1799
1050 1272
1740 1775
2035 650
136 2324
848 2130
1562 318
341 799
1611 1227
2264 2041
727 860
1378 1872
1501 1763
855 1082
392 1072
304 107
1489 812
345 1231
572 2104
1105 1645
1725 1220
1865 1760
2251 674
1744 786
1016 1550
227 1493
1789 408
142 1337
63 581
1094 1628
1537 2140
2181 1778
1610 799
2059 1171
1468 170
1611 869
570 1089
1026 1637
1562 56
1973 469
996 380
226 2015
1598 2022
1390 616
1424 226
1057 2116
1180 1699
592 424
710 940
2105 683
2191 333
1432 956
963 1902
1375 633
1395 2104
2140 349
1201 2331
1756 9
2305 1242
632 1550
1905 1331
614 1563
894 348
788 1496
262 2142
1256 2141
953 603
2336 2167
195 336
2233 123
1367 1162
292 874
2164 355
2062 654
888 2306
2198 1271
384 218
887 165
1570 231
731 1350
1015 841
1253 744
2318 713
60 848
2237 1248
585 687
1943 1772
2140 720
1087 871
2109 1478
1807 490
2305 521
1737 137
126 1887
1512 2247
2219 1815
507 875
1488 1830
970 1532
1800 2000
1645 1795
2076 1764
32 1747
1621 1684
2157 1770
99 749
1133 2025
2093 318
2175 2185
1923 1943
114 698
2108 414
212 1765
1990 619
1129 1662
2238 779
1602 26
2295 1245
2139 2246
1860 168
584 1014
1634 28
822 1441
1275 2277
1825 1804
1661 827
2049 1340
570 622
740 1162
317 727
807 1515
1407 1204
1180 1940
733 165
2148 185
1871 2257
2226 439
1209 2342
67 2188
1935 1346
1543 2053
316 785
1391 1843
1490 634
722 1234
166 1540
1036 1509
337 1009
699 31
1555 1719
2166 293
2164 1511
1276 943
363 1703
447 1968
1162 235
704 433
1560 2081
1627 2069
1694 1200
1098 86
1929 2340
1450 612
2305 1304
221 18
1721 1026
3 1831
685 600
1296 1983
2154 720
986 966
1929 2280
1963 1949
1201 126
1741 92
675 1431
508 343
1832 71
542 1853
791 2076
1890 1960
1003 127
1993 2136
1425 2234
451 674
2025 1260
159 1496
451 1993
2092 2315
1881 1477
478 585
228 1803
1622 622
1457 369
1697 1824
1389 1148
2279 328
2021 1942
1692 1258
457 1236
2288 1282
275 432
234 1824
1845 1189
102 1188
2270 1054
130 1092
760 802
892 841
769 1132
1499 49
488 412
238 327
1913 193
1788 239
1671 2304
1884 409
1674 958
819 1912
1328 959
89 39
1750 927
1003 119
1591 676
777 52
1264 1251
1397 1193
983 85
1356 1406
116 1479
228 1383
1701 2059
1269 470
2237 196
1347 1300
1644 414
2173 449
609 1349
239 1201
1462 987
1465 690
101 1923
2172 1557
1737 1730
1954 1434
922 657
1392 798
216 1174
1952 1144
1901 577
1042 1562
1472 2230
2117 1600
1635 1023
979 468
2187 2134
932 2147
743 1517
2185 1481
259 1594
2117 1920
1810 89
555 942
705 1534
1533 1793
1755 723
1224 1822
509 853
399 1568
2169 688
1189 881
372 307
1107 1234
1708 823
1226 658
1270 1700
2197 1273
956 41
1470 2297
1249 1150
515 1626
343 1974
384 1366
763 183
1196 317
1751 2059
2325 1859
975 937
1180 1930
1929 1606
881 1401
1257 1748
1694 194
1373 286
1050 1624
829 2254
827 1571
1726 1884
1806 1858
1223 1421
859 24
904 714
1615 259
49 750
778 271
723 321
310 2144
1791 691
2147 478
1802 652
546 1197
2289 1259
1616 1504
1720 1992
1164 664
2227 1238
819 903
1990 1768
2182 66
1515 1347
171 1320
606 235
292 1839
1994 1373
1769 1494
627 976
382 1378
2134 1551
167 2232
597 524
1027 144
1422 462
398 903
526 1463
692 23
1248 2170
245 2302
1620 489
494 1880
1209 1921
133 666
2248 990
1536 383
475 62
1169 582
753 483
1870 1611
2120 176
615 525
782 865
1402 1048
133 277
647 896
2042 1717
1461 746
1566 162
709 1489
343 237
1104 1672
373 124
2107 228
769 9
1901 1996
2345 2046
665 1746
1687 1661
1912 644
916 1996
1649 809
344 459
1087 840
731 602
63 352
649 1829
635 1385
1516 1301
1403 1000
1869 951
106 1331
1732 765
1436 1488
704 2259
2128 1254
1750 2172
605 1660
1449 96
1083 1477
401 650
1755 2087
824 1496
1055 1319
1583 2157
800 480
871 263
562 1617
1307 1378
739 381
2149 584
802 868
875 2135
1184 1292
2016 1682
1586 461
1633 2215
2295 482
1034 2157
1059 1794
205 2098
1498 689
1456 390
1531 389
895 2295
1953 1346
2244 225
1208 1381
1857 327
1216 1039
2102 653
357 1177
883 657
1353 1159
188 1531
178 2325
1662 962
955 474
1290 2337
1893 94
694 1355
1727 514
347 1976
931 1192
1029 1131
102 1667
729 370
2205 2004
259 425
347 254
265 1982
2025 792
408 1694
1007 252
227 39
350 1901
664 1365
1032 1639
2025 720
282 2322
1449 588
753 2237
2231 1325
1253 1960
303 1992
125 331
1819 1744
16 1490
92 1519
2110 94
1280 1340
1323 1117
941 1047
1954 2053
1569 918
1875 408
1819 1812
1082 526
1448 364
1105 830
1920 1847
1797 642
467 627
1822 292
1747 146
2335 1217
127 207
1458 1078
194 417
711 915
1984 335
730 738
21 1636
1352 1289
960 1976
949 1873
582 1323
26 397
1093 1917
477 1228
402 1396
1639 2170
108 1951
1681 1
791 509
1131 2009
1172 739
243 27
32 1894
2042 2311
241 1618
380 1494
1163 1665
406 2261
95 140
317 752
581 1279
794 1580
1709 1628
1820 1265
540 1123
1002 80
546 1494
1791 1974
1131 264
769 2191
1257 2290
119 177
2310 1770
1630 27
334 1635
1546 1746
164 826
1248 2242
223 358
1545 1688
2126 1319
220 2279
2021 1821
1440 2279
1976 1261
1690 2268
29 935
1516 1958
1845 1809
1456 1331
1674 679
428 451
491 1993
64 311
1644 19
619 2208
644 1893
1216 1091
260 1786
1479 1978
153 2082
1704 1356
1153 589
151 1550
2273 1638
1129 792
1943 2338
1406 1648
1065 1032
2126 972
1599 1476
1864 2173
1865 367
2130 725
263 427
1239 387
2044 2170
842 2153
1157 677
602 720
1583 1237
2084 1147
2045 1814
770 1572
333 2021
1812 1089
1909 1851
885 1164
1174 532
656 2323
1566 1547
193 276
1555 461
1365 152
22 53
610 1001
356 291
2068 434
1110 418
2148 1894
1297 2148
1843 73
1154 2253
2015 1673
892 623
2246 1183
664 1787
186 20
1370 2221
1384 594
967 1951
2069 694
331 1397
1290 1706
649 302
230 1611
1121 568
1572 1888
2204 1869
1976 1777
818 539
2081 645
220 92
2187 1442
1171 804
1961 2341
150 8
2146 866
53 2112
1643 1464
1270 1778
961 1625
657 1717
2255 294
773 141
924 628
1514 464
2258 902
1378 1270
1697 150
784 1455
183 490
451 1682
1690 1691
1575 508
257 1569
746 2085
1809 995
1813 999
1319 522
66 2198
2261 79
1637 2316
575 2272
1491 1131
915 1962
190 330
2058 1346
394 2121
491 2039
1576 818
1586 666
245 1873
1343 2177
477 1753
822 1703
1755 623
2117 1525
736 1841
275 2299
1779 719
1893 631
630 2092
1006 1728
699 29
1833 43
290 159
1870 1137
730 1676
326 62
2064 1570
343 1705
2312 983
199 2262
698 3
1862 313
2147 1679
774 113
1909 1861
1034 1435
2299 120
166 547
534 715
2135 136
2206 2134
269 1649
1466 481
254 662
1843 2268
1147 315
1750 343
2091 1147
1699 1228
2304 1147
1362 1235
582 1623
478 2115
555 1984
1330 695
1354 1152
771 1578
2218 1743
629 1175
2011 215
2212 536
1137 693
1103 880
180 1692
1217 1304
1520 844
1676 1333
1977 1380
325 2052
1248 1616
1310 1556
1827 2273
2113 940
1067 1754
1323 1272
66 1043
1439 1940
1787 1011
702 1950
406 2201
538 1836
1927 163
596 882
1036 2025
785 929
398 1666
1168 1669
1716 376
839 2077
747 1893
2006 213
1335 322
479 925
883 375
1142 527
38 822
735 582
1133 315
1639 50
1556 2063
700 641
1489 446
1746 1658
1837 1277
640 1672
1570 521
161 1860
363 227
1430 1334
491 605
1272 1037
127 399
2243 91
1771 1715
1875 513
498 2300
2055 1057
761 1874
999 564
2233 2220
2103 560
1184 1859
2076 1964
329 6
1751 1225
662 2119
2116 1206
47 945
42 1824
900 979
1387 1412
1499 1193
1631 1115
1420 2004
1053 2210
1290 1109
2115 1561
257 1139
2230 2181
72 347
668 187
1727 979
1384 142
520 2264
2092 505
690 2261
400 1689
2165 2162
1044 1895
2189 878
279 849
1831 1449
1259 2041
855 1190
1684 228
979 266
1511 1034
1093 1412
1262 2144
556 2234
644 1211
802 1972
1420 10
663 1276
729 1695
366 1679
118 1031
1834 1543
1393 700
257 1477
1028 2171
2004 657
610 35
1854 855
1734 500
1564 1624
778 401
214 659
710 2059
687 703
66 1183
2155 2280
2089 2027
357 2151
1011 1066
1457 949
1247 1497
2094 813
1824 1997
585 1844
1923 2214
198 1138
308 2061
1800 1171
1573 1630
1709 464
1898 1098
1325 233
844 1810
428 658
1731 222
815 2105
2137 1421
2345 85
786 1129
1614 818
802 523
2326 2241
311 1497
1725 126
576 941
741 83
390 1657
1201 1571
1813 656
1558 1404
739 2333
707 919
203 1910
999 455
1774 991
1989 150
56 799
625 1647
104 823
1364 362
557 313
1844 1068
1514 1550
1909 1123
2308 2079
127 791
1026 64
418 1822
1686 2321
1115 401
1692 2192
295 1732
1372 356
2059 948
1206 1112
1238 1208
2067 795
1112 1678
1743 2257
1328 2154
324 471
408 1969
515 1903
603 1357
1481 2301
1807 995
759 1752
815 1331
1764 2195
412 1066
1085 2313
551 474
1902 124
2322 445
1988 21
1301 1629
2233 285
217 276
1849 1822
2247 1039
1565 147
1974 1431
1824 1917
52 1892
1160 204
546 1148
1836 345
983 1343
2298 1833
274 1010
428 670
1517 1658
1067 794
1544 815
1472 957
545 1491
1216 136
397 1999
1709 1196
757 376
1674 1475
806 1566
886 671
209 2209
1289 1512
575 1405
1690 258
1404 116
367 1751
2231 414
884 1430
997 1485
1789 750
258 37
2063 201
1215 264
1219 925
1302 2263
668 1291
2035 1153
444 2022
2050 1762
1938 1265
1212 1012
602 953
1935 1792
857 178
1230 1415
420 2019
1349 2143
1213 2175
573 2029
2270 155
1682 1294
16 1014
436 1669
52 1000
520 1043
1673 840
30 1588
472 1606
1649 1938
1286 755
208 2089
728 1575
832 287
315 376
1313 320
1127 2121
154 2121
1997 1596
1930 1043
995 1609
691 1719
1427 854
27 2092
2271 1643
1016 1996
2051 1881
583 2035
802 2220
650 1925
1485 332
1052 1009
1177 2213
529 1433
648 1896
95 1538
128 1416
2316 1333
1701 978
1543 1930
2106 111
1207 550
1589 1276
63 115
1527 2229
2114 1274
2169 29
1835 68
651 2058
2177 288
733 687
2325 299
1500 512
1961 2139
2107 2169
1856 193
22 2206
1034 2066
980 2160
186 2144
1400 634
913 1826
905 424
789 1964
1688 1981
2071 2247
1176 1442
328 1069
1911 1564
471 657
145 18
2342 312
1434 218
335 1754
374 1150
2342 768
1775 750
1530 1364
1298 2109
1109 1636
1627 30
448 2175
2295 2043
2245 1767
1512 1261
811 1114
504 2284
412 238
1574 737
118 493
72 2293
337 693
2296 198
959 818
761 1920
519 1393
2245 735
1243 1910
898 672
425 1236
188 890
769 2113
955 1430
267 1725
2206 955
590 1820
1690 334
1673 677
2150 1335
793 852
1418 289
2275 1972
1249 269
512 755
1768 2200
469 2264
2319 1808
1909 819
2089 2035
1047 1784
795 1410
289 950
630 1335
899 803
318 261
414 1648
857 260
1674 1416
1146 1997
2089 1576
1245 77
1359 1776
872 160
961 651
41 1625
1502 1809
746 2089
2155 999
1845 1035
1953 1137
2089 990
2225 365
161 1511
766 235
356 1620
462 2142
753 1225
2140 1793
285 1972
44 1906
1339 1023
908 1033
1776 1267
565 1358
390 1997
1326 1725
88 987
82 2004
1950 2286
1455 37
2299 1955
599 2098
678 183
659 883
2037 1892
57 1439
2332 435
2222 1797
1304 1929
623 1872
1970 73
2079 932
522 103
123 231
417 124
750 2200
5 1475
781 1955
1545 1782
17 668
1710 1462
875 1975
758 700
1814 2202
925 108
1457 804
1033 299
2284 448
2123 544
649 1057
2119 1343
2035 1174
1515 963
353 284
2021 1401
2299 474
1697 105
418 626
370 408
1120 1821
1035 827
800 1138
247 981
2266 2324
981 334
404 993
580 745
2225 266
1858 479
1638 274
1290 798
1828 1145
1809 276
2092 2119
1298 867
1899 259
2058 913
149 1569
1834 624
769 351
447 1687
706 1391
731 972
149 93
340 1525
1641 833
1343 1409
1146 1876
628 1652
2243 1270
32 537
1784 148
2303 2052
628 1656
1288 232
652 423
1644 525
1076 904
269 2019
1795 631
1623 610
1510 2
1054 700
489 1800
58 1921
1144 181
2129 1098
440 2237
105 102
1269 943
1647 1205
10 591
2003 1897
114 159
865 1159
1764 395
1601 293
1324 1400
101 221
1793 1889
916 257
2230 87
905 1333
1313 482
1460 2098
1317 182
649 1625
2 1801
1983 669
1643 1863
1221 967
776 946
934 1202
2057 1804
2325 1461
345 2130
624 1471
661 2067
766 799
1710 1555
1168 227
2047 782
1672 34
1757 1055
656 479
1158 1077
1484 526
983 745
1321 1586
1596 575
1507 1438
491 455
428 792
2320 2073
67 365
1061 652
1240 2283
993 247
908 1998
2038 1019
634 1127
1386 2284
1267 2221
420 2249
1301 2121
2272 2013
1027 1844
123 1179
827 18
475 855
2325 2107
2129 925
192 508
1697 954
2106 1505
1065 366
1865 144
2053 1800
161 1988
439 2024
1512 814
29 193
2304 927
329 407
1075 28
701 865
1729 756
2181 1393
57 694
170 1244
413 1712
1002 1003
1298 907
1465 1514
1240 900
1736 1059
1653 815
1080 1086
52 81
1190 387
1964 93
2051 1456
246 826
1637 481
785 460
1579 784
305 1698
469 1369
1039 1111
899 1963
608 2279
1993 312
61 1231
1995 966
264 1435
2067 1009
724 1522
1787 1556
382 1232
527 1037
1985 1349
219 22
940 2035
140 642
2007 847
816 2241
2329 329
2142 1607
1139 1052
838 154
726 2191
2012 2342
175 1543
1349 2331
919 1289
1997 639
1240 2013
977 1583
1036 166
1384 1548
601 49
1974 165
1589 2027
1779 2252
2088 1931
228 221
613 844
1645 1113
1022 1122
1059 1046
76 1927
1799 217
1357 1986
760 2176
1715 1921
1496 2331
174 733
2172 390
1811 882
291 782
1672 590
1553 167
548 1950
1995 894
68 2167
2013 1299
153 1871
807 1437
18 2313
333 315
1707 1026
806 1757
1593 346
1478 709
1056 1960
969 470
1571 808
346 1285
1864 936
409 1128
1484 276
761 318
524 270
1495 1161
692 938
17 802
1399 84
160 1749
2171 1567
2338 608
402 1216
2068 1596
2318 1027
2041 1368
2159 1896
1483 1272
451 1623
554 1253
1349 1452
25 1585
1502 191
145 2266
196 883
2009 1186
1643 1779
1021 1150
628 1872
64 55
2204 1626
2251 1648
1443 1603
385 2159
1448 98
757 1603
855 2132
2238 1724
560 1246
1862 1318
1095 1127
1676 1566
433 269
2261 1707
1998 1157
1406 2087
1827 703
1651 2039
137 694
76 1921
330 756
2336 2161
98 534
1728 250
1354 1497
1301 1052
1073 1291
630 982
123 2160
432 631
1676 2024
2209 1051
1635 1921
997 1838
875 2138
2233 1853
1489 752
1232 1643
573 1327
60 98
2099 1568
2105 1233
315 554
1790 1122
149 1052
1956 1562
136 1549
2270 1738
1919 923
1971 2308
1996 1626
329 824
297 388
618 1986
1665 291
2196 2187
1938 467
1702 2121
1509 380
1927 86
1152 1120
2322 1965
2226 1843
1793 1465
349 1737
38 1049
1798 792
2068 1482
299 1187
2067 982
943 1823
562 1277
240 1661
2021 1103
713 1060
65 305
1009 1616
5 6
183 106
598 2168
391 793
1763 2110
677 925
2152 1305
1881 178
1778 1709
586 1143
2060 2202
651 1385
697 884
2320 1164
542 2017
342 1203
836 995
830 560
1219 2145
2133 604
2037 1240
252 199
504 1129
1840 2281
308 1918
71 773
1878 273
268 671
1962 654
483 2044
580 1893
1808 1991
1264 414
2295 1543
1386 2072
899 1746
1762 1642
278 573
556 1207
1417 489
1713 1279
2271 879
745 976
2257 2244
577 922
672 1106
835 1932
2099 1134
1055 921
1377 1021
1362 561
1557 1719
284 908
1702 1554
486 1319
487 560
1541 2150
2014 278
1963 2096
309 2028
1020 1910
2082 264
1623 1894
1767 993
1567 168
2157 2182
2289 2178
1112 272
1642 1181
1164 1578
439 2039
421 741
912 415
302 135
863 163
502 973
229 1434
505 895
1279 146
18 1451
294 2214
254 1725
1387 1566
77 609
1955 2130
2018 290
1038 375
456 1913
699 1638
1075 1841
1314 1355
874 728
1849 2341
1695 1455
1950 1873
285 1341
1854 504
494 111
2336 806
1096 1130
140 835
1092 1984
2207 1394
913 228
529 1990
987 566
1340 2292
2143 821
1187 1376
884 236
1307 1780
648 1653
2240 2102
2283 1829
2091 412
1107 1186
2267 770
800 1299
1174 1582
398 1967
1074 1288
1029 1551
1647 975
1228 1112
440 302
1972 240
1846 521
1149 618
439 1854
236 2198
973 1909
573 204
584 446
794 315
1576 885
1737 1974
460 936
152 451
325 1125
234 963
1904 926
1166 2163
1636 1419
1293 1583
108 1400
866 1292
1181 1772
594 375
1105 1298
74 2042
263 726
2005 2075
910 1796
2254 1875
1540 1461
1106 683
2332 1341
1277 275
490 1806
82 1787
1303 448
1261 1251
510 1281
2064 472
1565 525
1006 1503
282 493
1680 1117
1088 550
2271 2243
1921 1866
1259 1196
480 1195
1568 1653
2068 350
1292 549
1148 2267
1280 765
241 1845
67 2059
1640 1417
730 1595
1327 1978
1927 1555
1542 1201
1947 1562
2078 118
742 901
1382 2110
1990 2230
751 1760
1300 1553
977 2234
1365 1783
1562 2086
1292 1427
1524 230
1206 1033
165 1667
215 142
702 426
2215 1528
1085 2035
1205 1343
1977 1397
940 327
122 917
2310 768
2152 22
1554 446
94 472
1646 1648
1887 464
501 1024
1193 1399
618 627
2301 176
2242 567
69 2157
71 1214
1155 1894
1878 1232
1553 553
636 1472
1682 195
1093 1308
1812 1284
451 396
495 1832
633 491
1896 347
2201 1773
2263 1187
618 1131
300 131
463 2140
1030 1298
110 1203
1397 151
788 607
2047 2219
1405 1043
840 1232
1749 1843
1397 310
347 2054
1539 1200
2342 1493
1374 2296
1104 220
2267 1692
1278 1110
1392 2149
1845 847
941 262
479 581
364 178
820 748
1843 632
137 1383
2057 979
1541 2137
2332 1474
386 1028
1484 1921
310 481
1060 1411
299 1120
2094 2135
1899 1161
634 1415
1310 696
753 1362
219 561
1837 1422
1768 339
62 1659
2087 743
489 1520
1238 286
424 9
1762 1
14 512
1935 609
169 366
911 1754
862 1874
561 998
426 993
1978 98
727 235
1846 1715
3 880
1818 2030
2239 648
288 1135
1166 2169
35 1836
1713 1758
487 653
1390 847
1813 753
1349 1913
1946 72
1119 2175
2202 1606
1246 393
727 2193
54 2310
1099 2326
1748 524
288 2152
2197 684
1387 543
1975 223
2075 764
46 1748
260 2292
1047 2088
1127 556
408 937
1956 1137
933 1553
993 775
237 1836
1439 202
944 485
1775 440
2242 1181
420 437
591 1653
1147 391
1950 1258
1982 1583
2072 100
176 1204
977 294
1263 732
1360 1764
1115 964
388 1027
1165 216
749 958
779 902
748 1009
473 320
1659 1359
870 884
1046 2125
2216 1748
145 1927
2145 2146
991 125
1710 186
1259 1462
1875 817
1012 1624
1330 499
2220 501
2343 984
696 462
1150 1138
1777 1406
308 1378
390 2220
88 664
1187 919
1759 1149
1442 1273
1868 2199
1726 1166
1184 1208
124 2012
238 1518
323 1390
2106 1025
597 855
2088 845
966 1743
2229 1348
1538 649
1508 599
2289 589
1285 319
2075 1323
1574 1710
1958 168
1947 1390
1587 488
1486 1645
219 1147
87 2068
2274 1863
1262 1201
1448 813
78 924
961 1859
792 1793
683 1947
810 439
1118 2265
1564 13
2286 1509
917 2171
1897 978
1768 484
296 2117
540 792
96 822
1721 1866
1875 685
197 277
1376 1301
381 1158
443 1157
800 1550
1886 2322
1592 594
762 2186
312 13
655 1223
2206 251
1214 1356
2024 1139
838 1972
1099 1313
2150 805
327 1025
847 1722
861 1951
488 1625
1368 1031
2198 891
1535 1231
1934 655
932 353
239 126
1924 1189
2227 1734
2090 1956
1306 1765
955 784
1280 839
2239 1130
1493 1314
2187 2125
1952 1289
1849 1955
1099 1875
1295 167
1333 2159
1899 1558
1413 1689
45 916
1341 1929
517 1594
1463 19
1501 402
437 1116
2215 1842
1763 1673
735 1649
54 523
1949 678
1908 767
2316 1427
895 1758
1020 377
828 1662
1992 2008
805 1216
1631 2231
171 2153
550 1408
1458 794
1643 2049
2024 1224
1433 450
1316 590
530 817
133 1184
320 97
1009 534
298 898
1658 496
581 287
949 411
61 2189
2066 1704
1511 2028
1957 1743
2161 2077
1421 2051
1854 2148
1740 912
631 734
626 1880
1441 1753
1189 1991
2156 1608
1621 2076
446 1115
473 667
2029 278
1766 1310
2074 1449
531 2275
275 1180
2220 1524
663 489
219 1409
1838 2277
63 898
1230 1533
1105 652
233 315
628 817
307 436
776 1294
772 2012
1488 1681
30 1720
216 2030
1101 2099
276 199
1962 572
839 1568
762 1259
871 1524
114 2180
331 2342
742 355
2037 2214
449 116
918 259
1993 519
669 1118
1525 656
1543 1563
660 17
1704 2134
651 800
1177 2085
28 67
40 195
1126 1345
979 290
82 2271
66 1112
1423 1192
397 767
1679 713
547 1672
2083 1979
535 1134
71 72
2173 144
1351 253
698 1931
1164 1467
2311 2339
1130 788
244 122
864 660
1028 318
1149 1630
283 849
1465 1192
2158 958
535 333
802 1174
1311 2179
2274 1009
1373 1855
357 1354
1527 433
451 2311
431 873
1555 1249
1271 1527
1437 246
2142 874
1510 2312
1141 1001
1776 753
261 2315
1899 2003
772 168
1324 496
1883 907
1500 922
658 358
148 1550
1966 2339
1423 2190
1843 357
1389 55
1264 818
914 1275
642 2338
652 421
1285 2042
89 1689
1370 2334
1337 1920
2109 1164
1252 2076
460 130
823 387
1156 1054
1813 1111
487 2011
753 1856
38 675
254 1793
2154 1373
808 2029
1701 103
763 2082
44 2216
201 177
1488 60
116 243
1112 2002
361 1740
1429 1042
1213 1278
1498 150
1912 1043
251 1391
1075 186
1436 395
1069 1207
1245 1807
2328 2336
154 365
2163 623
2159 1085
33 1305
1541 1111
227 2244
2299 954
476 1287
75 114
2233 502
1719 992
47 1747
994 1730
884 399
1428 1602
1094 885
867 1095
989 1830
2277 1
520 52
1151 1949
721 2093
1816 1403
771 470
1318 1446
2094 2145
1733 990
1522 1817
186 1724
56 1205
2125 441
1533 238
1172 59
763 2321
1996 809
1689 2218
842 1592
799 2331
404 1696
1912 421
2284 1939
1319 1313
1790 40
829 310
2248 996
998 486
2239 1903
1063 1136
2241 2270
1434 1897
1683 2224
2134 1318
1050 420
529 796
802 1300
699 1554
1621 1856
1331 1853
516 2090
34 992
1304 248
2008 1652
1087 1970
1566 1615
858 1221
931 1981
1299 142
1076 2193
671 1312
38 857
228 2301
2329 1368
638 400
1128 2097
2126 1962
1597 880
745 482
954 443
1876 696
1837 1011
2102 1855
42 223
811 1312
782 2138
1916 788
329 385
627 2092
592 2014
1276 452
1318 813
592 1381
705 1393
325 1288
831 1128
467 1465
937 1756
1696 538
1374 1069
817 13
1722 2175
882 91
1962 1729
1399 1064
1411 883
136 1882
1616 1523
1062 1237
536 337
715 1250
1083 667
1820 1513
529 1033
420 685
819 922
1926 2047
1927 795
1725 1183
1994 1263
75 1723
1473 561
380 110
1691 1427
1457 1042
1026 257
1006 133
1447 1888
2194 495
1000 1860
508 1300
2184 1529
1279 2303
1381 1289
1574 1914
401 903
1580 2323
1426 775
2292 2272
1096 1160
333 2045
1007 954
901 95
817 1477
1470 8
168 2134
2208 963
1866 228
670 1478
1543 1674
1372 2025
1002 730
1849 2025
631 2250
1068 1076
1676 2204
615 2007
1304 673
1672 162
658 1847
245 1109
741 841
1865 2214
1091 2204
234 171
1806 279
1860 1831
167 1460
2257 1023
1467 836
197 845
352 1142
596 2339
716 766
449 1634
1003 2345
347 1247
2125 1181
1593 2224
1673 1818
935 576
1164 788
355 934
2022 493
226 2277
1478 753
524 1290
2078 35
129 111
46 877
866 620
1976 1902
364 194
1332 1746
558 851
678 278
499 422
1716 1000
1955 768
548 990
395 2050
802 328
1688 198
305 248
2329 1085
876 1168
355 434
703 1279
320 1118
1522 1515
1022 1322
1910 2321
1026 633
1986 947
1096 1124
1666 202
480 421
1545 1094
1131 1077
88 719
1479 1700
437 319
939 520
556 742
1351 2134
2113 1501
2031 829
757 1967
420 946
948 87
1200 1591
1058 216
2132 342
529 929
1604 984
1355 60
1725 1184
1387 70
1220 564
2205 1201
898 834
115 1915
1949 1448
239 787
1797 365
101 410
137 1733
148 812
2150 2031
1993 711
2094 1893
829 544
79 1348
752 1261
2178 1056
831 1731
1974 1128
1086 1695
2317 2148
369 2325
2259 1156
120 467
936 766
2012 1757
280 1552
928 2202
1990 664
2200 1864
1867 708
17 1965
1000 1873
260 1503
1832 1475
1535 505
772 1555
144 2206
350 57
2189 1382
905 1376
1089 836
676 2074
2307 1519
1571 50
1867 703
291 640
1078 732
1150 637
1449 1773
1611 1642
1262 298
970 928
891 1432
1361 1800
1283 766
431 430
688 1863
1639 590
771 535
2052 1368
439 810
852 65
352 2329
80 322
795 1301
1171 42
544 1984
1746 1210
305 1465
2126 1153
865 1739
1259 1147
667 1257
799 860
213 2065
2107 1626
2267 823
1405 1052
1403 401
1473 1447
2335 1075
1608 1940
2093 718
940 2196
1031 777
689 477
1353 1772
1704 225
572 712
1826 1841
1846 2152
1801 722
474 1002
383 2234
1816 1350
1810 2224
1721 1834
913 1581
898 791
2136 620
559 757
590 393
106 1167
2295 144
1404 1170
722 2058
18 844
984 1002
395 89
1995 1817
1814 1418
1368 973
1471 2159
1975 1811
2185 1313
1502 1486
1317 685
2076 283
1142 287
392 1826
1969 1598
8 627
2287 346
826 625
2274 1371
1220 1620
876 779
1682 351
1866 1551
887 7
1763 1667
1805 538
1850 861
1492 755
2169 1004
1605 1128
860 1077
2218 1531
537 561
2031 2221
1255 1982
1377 537
825 2
2317 621
1535 919
251 755
1676 847
49 912
2047 590
1957 292
1674 1063
834 1161
1010 1183
1571 59
1790 1696
1106 322
1329 331
1084 1860
1133 2178
1099 297
2099 757
1291 1880
452 481
1774 1978
1605 388
1295 1771
2302 226
182 786
1956 543
307 145
2323 183
1559 1402
2282 2335
338 2082
1532 1689
2313 1690
1268 2173
843 1641
2241 1011
1880 1236
1801 1420
2234 1878
631 1105
1819 390
941 1700
1662 1611
870 1265
642 1707
954 1392
755 1957
1234 11
2019 2037
2192 1567
1579 886
1950 2190
1085 551
1371 2320
1047 2121
1364 210
1795 1120
1193 1141
1828 1019
1312 102
725 1821
527 923
2273 1456
1224 1960
1756 1542
1588 291
291 2224
2018 852
145 1856
140 1482
1551 1403
699 2112
202 2033
1489 2195
1215 1076
407 1801
2300 1962
1646 239
1233 397
1880 1853
1241 692
1172 748
1140 855
748 1684
1080 343
88 323
432 3
920 2108
426 1322
1316 180
1745 1629
961 1119
2094 1185
207 1923
1524 1809
1813 644
177 994
410 1
792 1890
818 1362
1931 423
147 1202
543 705
863 2241
1803 903
1445 415
263 750
700 47
393 205
1479 1524
378 1824
744 2315
163 225
2059 1854
263 1418
1683 2043
977 899
2153 2107
955 71
1199 2240
2050 792
1145 1292
1720 1279
1598 1502
978 1418
353 749
1596 138
1008 2304
1699 2275
1274 550
2060 2043
356 1831
696 1860
1306 2131
1873 1200
484 2096
649 1883
114 1396
430 2052
380 272
1744 171
1986 1870
262 1541
167 943
272 1170
424 151
1626 1236
941 1775
1590 975
2213 234
949 2252
1072 727
1177 1357
537 1582
1528 1611
1479 1833
1960 517
636 234
982 119
607 2129
1351 662
1397 796
339 612
1929 1385
1514 2339
1639 508
221 401
1429 2251
2263 1150
696 532
1456 858
1291 1545
593 385
2314 368
1219 1275
2246 486
634 907
1625 611
5 664
1162 1888
1462 2177
1559 996
1115 1822
1534 1843
773 919
938 625
1019 1799
150 1032
126 1809
1722 1533
1077 1191
443 2116
904 953
1783 7
1810 2077
78 1598
151 2119
1259 42
978 1116
255 1141
2262 244
556 299
291 34
1646 901
637 1899
534 305
2179 134
275 1405
1472 1943
422 21
2238 1355
2291 1654
576 287
62 2331
412 646
1117 2254
670 68
1665 105
1306 1170
1297 942
1802 1134
1670 2269
2311 396
154 1566
191 628
578 794
452 772
1823 1738
1868 1509
1634 2227
656 38
805 1865
64 1751
1060 746
1623 66
1992 1883
1643 1293
1631 867
1140 1873
561 1353
1853 2295
119 1713
2293 510
90 485
407 733
1730 1356
14 1488
543 961
769 779
1000 158
189 2285
1022 1202
1321 39
1026 2132
1462 2340
2141 417
2192 1058
614 970
1304 1497
2129 1084
265 1388
601 1503
1514 600
716 641
141 1827
988 633
960 126
1633 767
1080 525
2098 328
1841 780
347 2080
1965 590
737 929
1719 1355
1617 2148
128 2274
1453 939
46 1617
558 352
1943 313
1547 1946
2123 1454
64 1098
749 272
1214 998
1170 285
592 1446
1605 1901
2238 1277
2324 657
1089 1977
1520 22
823 1014
592 1415
1883 1264
104 1279
45 1569
1393 2322
643 1025
1459 57
948 92
687 2173
459 334
1087 1001
452 2123
436 378
1176 415
2097 575
9 156
435 18
2136 28
2167 823
1603 924
1326 2231
1211 588
2165 1134
2169 1200
1731 1240
600 1268
381 958
969 970
1832 1413
496 269
680 918
418 777
1539 811
2289 215
1531 1344
1298 1547
1983 1266
450 1915
2289 298
316 259
828 1292
1821 340
1089 1890
2232 2215
1382 201
1761 133
2027 1403
881 2275
1687 209
941 1447
416 187
157 1850
1714 21
4 1375
2313 1871
2079 1620
1768 564
139 322
1455 1838
1091 2168
714 1698
1082 283
1335 1641
949 124
209 1293
1679 2263
49 2162
1714 574
307 2244
1524 1857
2194 2176
1071 51
2159 204
436 836
335 792
733 671
1094 610
136 1143
1754 76
16 1105
323 1596
1555 288
2220 360
659 1514
1495 2015
1421 1759
1984 399
1204 1205
466 76
1648 317
1478 2189
322 446
425 678
1913 806
1483 1153
755 982
1151 137
2021 1441
84 1449
2054 906
2116 365
1211 2129
2306 1316
825 944
872 1067
875 987
978 364
578 282
1565 718
2211 178
100 2096
1547 1368
2304 1808
510 1630
988 550
2128 1287
1589 2262
420 788
2345 907
1964 1723
2093 1095
825 1015
1363 230
2280 843
1688 1139
997 1088
745 1949
664 2041
1175 508
419 1440
2074 1898
985 2298
921 81
1934 1582
2208 689
618 17
444 429
99 2200
869 109
1531 336
2314 182
569 1190
1734 606
602 1204
1470 1085
1668 2244
1347 2220
806 2093
717 162
333 1428
2212 1728
2215 1873
399 1376
1860 1644
962 892
213 1763
1706 934
2076 1221
349 1971
1462 882
1136 1511
951 1017
1287 1513
35 715
2105 2296
1930 834
1329 425
165 332
212 867
1805 360
916 2105
1320 1988
1693 887
922 1654
703 1712
513 1040
2218 541
1138 640
2012 1504
2264 1540
1296 102
409 1397
934 1943
1855 1519
509 1757
1279 261
1862 1472
1103 1751
75 957
831 407
771 1196
1992 1391
1218 739
1503 749
631 699
404 1728
1282 1355
407 864
1557 1551
835 2014
587 1231
977 397
1823 2220
1015 398
1146 1039
1042 719
2011 1982
2313 788
1309 2236
824 88
413 255
51 921
414 2283
1106 1031
783 1541
446 1929
1670 179
222 871
1988 2281
1662 2094
1811 1367
465 1310
859 525
744 1518
791 1415
715 45
1112 1426
1512 508
1615 2029
2022 2266
1058 1138
1790 91
2163 1312
1016 1525
323 1258
2137 1024
2130 1631
1952 118
1212 2341
1548 55
527 429
2061 1827
1400 217
811 927
1247 1241
432 1254
654 1862
2173 2096
1178 1363
903 1985
2096 445
776 763
778 1202
761 460
1081 32
1668 1799
811 1654
2247 174
1682 2217
357 491
369 1967
1029 791
732 604
2032 663
2146 45
353 1284
1658 1602
10 226
1338 1329
432 1356
2074 886
742 710
1297 240
654 220
1817 1731
83 1653
1957 1711
1602 119
1146 565
1723 693
2211 233
27 1120
331 416
2058 2008
1425 1838
423 1421
1137 890
515 1373
51 2095
1604 1301
1931 449
2146 1048
1619 1730
1952 721
1576 2004
2345 344
1357 1975
1241 787
1211 804
1928 241
2248 1151
664 91
1207 995
2014 135
1127 2294
1207 209
315 1447
1927 1776
2144 1103
2116 2067
804 1198
403 376
685 2172
1542 882
473 1999
225 927
1354 1037
1614 2047
669 1762
896 682
2306 1551
778 1361
1829 2322
959 542
711 1370
31 4
298 130
2149 2136
792 1034
1705 1439
140 334
1601 601
1023 547
694 2315
1464 1437
2020 2280
1587 1778
1383 693
195 1514
1344 1879
124 2235
1452 1839
1309 265
332 2132
1113 112
1196 241
781 1556
575 1630
1280 2071
237 658
2008 407
2284 1203
1204 1416
1628 2042
219 1150
1995 1297
1950 1381
2267 133
2277 272
1972 266
803 1047
2075 603
548 1607
492 1512
802 135
458 1393
1272 451
683 681
2304 2093
319 461
700 160
885 588
1967 2216
1673 623
2064 1402
1337 2140
1971 1799
1424 1519
1704 211
342 268
1253 1897
1722 458
1637 1168
641 1017
1205 224
437 1996
372 1366
1475 539
2286 510
491 1866
1716 1425
1236 1769
946 1963
948 886
1936 625
1691 383
1724 1112
104 579
2261 1624
692 1334
296 2340
1298 2037
2037 2209
2192 525
2204 1940
2202 487
1603 1898
2157 1766
2301 12
1631 1785
2274 198
2082 1641
1638 2284
2261 889
804 463
1499 544
355 1319
858 1256
1719 1428
1882 1662
1213 1852
425 1043
749 1982
2059 713
1561 645
750 1243
1537 659
2304 1104
1366 21
771 221
970 1698
656 1324
925 2274
387 1756
1307 1920
1778 238
1626 112
2108 1839
34 639
981 461
1200 1693
1293 1947
1136 2121
1535 2073
1551 100
1511 1752
1296 2104
148 1832
1888 1752
70 640
57 1891
43 2034
1269 1135
1759 1667
2313 1850
2037 1631
848 1113
299 2253
1723 2116
1433 2264
1827 669
1257 555
1183 2018
472 2021
1737 1874
549 305
1009 771
255 1360
8 638
1692 1193
1734 691
53 512
95 9
1493 2214
1388 323
466 1293
2094 2105
1700 2321
126 1125
699 974
1240 2029
916 1154
2121 1826
1999 1149
1976 1844
325 1149
819 560
286 901
624 1611
797 483
711 411
2200 1872
1166 2308
2034 895
1081 816
2259 1968
215 1574
2102 217
942 700
2034 954
2160 542
1292 2252
101 770
1700 228
133 806
2006 2129
936 1728
1291 668
2180 2066
1201 468
164 297
1940 753
1884 2196
614 1255
1372 423
628 891
1187 159
1157 81
1568 520
1891 444
253 910
2258 166
106 2047
1962 761
644 2002
771 2224
2069 1294
435 1523
1320 2007
1910 2207
2219 1335
322 48
1017 2185
145 1002
2235 773
682 159
1992 1006
1868 598
1213 850
292 2179
217 1640
51 216
862 221
296 1497
805 80
2155 389
197 958
1028 2280
956 1711
238 1671
2121 992
2063 141
461 1067
2234 1269
518 537
1929 526
1546 2084
70 1889
2338 486
43 377
347 1308
2271 2088
707 1338
1898 1709
1984 316
1334 1826
1064 1006
840 597
2297 126
506 2201
364 1446
1819 461
1643 1939
967 910
1929 2035
1594 421
787 742
1767 14
1118 1700
1742 715
1940 751
859 658
1219 2102
997 1267
1986 1836
40 681
1877 1146
2211 2313
614 502
2131 1867
1211 939
736 494
1279 1276
291 2097
588 1341
1485 1143
2004 1882
1960 1214
56 1779
1989 820
1414 350
2213 2252
1819 199
1034 776
705 1555
1071 1930
49 188
875 1687
928 1428
1318 2015
2133 1034
759 820
2293 2032
1432 192
1416 891
1338 1418
442 2259
336 1375
653 1500
1054 1470
785 875
655 2287
372 877
1064 1757
1973 2177
1473 442
745 1377
453 499
42 2224
1128 1670
973 1467
2153 55
194 2059
1185 225
212 1474
117 719
784 1801
2045 367
907 1290
1004 1723
2026 134
901 1278
1414 459
1605 894
1515 1173
1279 1399
662 436
809 2082
1472 1946
1399 2321
143 2305
947 61
1615 1188
2114 389
2225 114
1300 2310
2321 2140
1664 1281
702 1719
2203 1305
602 442
1911 400
1219 1889
42 1762
559 66
1643 67
403 2040
2132 1215
1575 1105
456 1084
2073 1601
1954 1271
1977 727
1941 2108
1244 1514
867 266
1253 1438
176 840
578 1103
1898 2010
733 152
1681 263
1919 67
16 845
1913 1544
1242 131
1850 250
106 1641
1154 1666
2309 372
497 1281
543 428
1572 1185
669 1471
1615 1125
1221 1952
465 333
1237 1453
1236 1268
1345 470
567 1429
948 1476
325 373
234 418
631 1063
441 2115
1132 2152
987 1344
2338 1592
1130 2027
1618 700
131 990
1959 2239
1770 579
2143 1218
1178 84
1390 2014
1700 1298
2164 240
1241 2122
1181 572
17 2125
1286 2009
1374 1341
1134 306
938 1856
1504 1514
1706 2021
2217 396
2216 1262
2254 1891
2269 9
1428 534
2161 1011
310 2098
340 1968
59 1452
2292 906
795 2317
2179 1682
1263 2269
2103 2246
1974 315
2245 450
176 1475
1532 1129
1406 1883
356 814
1852 238
1177 1509
1319 1331
1817 2029
853 1848
1004 1413
57 31
729 550
1277 773
1475 548
2225 253
1309 316
1173 109
2238 966
898 16
1098 1481
862 1614
931 2252
1765 1051
2119 1679
744 1750
612 1707
1577 334
1977 764
2327 893
1979 411
748 165
1525 1808
595 11
457 1122
113 1799
2002 138
1381 690
1217 867
1666 1760
2052 772
1544 820
725 850
768 1591
1807 16
742 1845
532 1172
68 1821
778 1992
2292 1217
586 1260
880 90
625 9
2122 1395
241 1898
122 504
1471 1536
483 1265
926 1062
951 2093
1975 366
936 1017
67 302
573 1125
1072 110
316 334
1582 2012
1857 236
1611 784
752 2157
345 1042
407 2311
259 558
235 1928
254 63
1936 1286
690 950
624 1942
2326 704
1007 2285
344 319
2100 1077
1930 1829
274 1632
189 644
601 1663
1786 656
84 386
396 249
532 276
1984 1825
2260 198
1536 378
412 2268
93 2276
89 982
2034 592
1235 1133
141 2270
2139 1705
2269 160
1562 1701
2272 1327
1403 1210
85 1186
288 440
1423 2095
1654 1830
745 1644
2205 1007
2077 1098
778 1403
249 2043
913 93
1705 1302
1898 886
1426 941
1184 935
258 695
1092 592
513 510
50 1690
1760 2315
1670 485
1792 214
1731 1969
916 84
867 1732
2187 761
1448 1758
500 852
1786 1193
1561 2180
407 244
807 1115
553 1923
509 127
805 1293
782 1154
1531 830
1117 197
1166 605
314 54
1609 1315
234 767
872 127
332 1128
4 202
1210 655
1712 259
1731 239
772 333
1511 725
1055 934
2031 273
567 2286
1213 1391
646 890
2169 375
1806 1778
867 1299
1020 2281
38 120
1727 2179
316 1347
1586 169
847 1471
21 443
2256 356
595 2260
1799 909
944 802
1907 1532
1836 2153
1886 1948
2302 1658
230 1901
2168 906
1092 1771
1935 1867
693 217
261 143
1354 1697
1716 777
1237 2130
1969 50
757 422
40 1595
1408 2177
69 160
1580 1461
2019 2287
1994 214
1571 193
1995 1682
2311 1068
1824 1357
2343 1267
773 996
1165 2320
190 1008
1531 172
1974 448
616 1562
1898 2164
106 944
2236 2283
1734 1778
534 2237
2322 1168
1897 615
575 818
27 803
1076 350
1126 222
2190 2188
702 216
467 704
311 2345
1548 609
1496 2059
1129 1374
1246 1571
1167 951
1937 351
256 795
1451 1777
695 2318
1763 42
1231 2078
473 1348
2304 785
1443 895
2201 1166
820 1185
2267 916
1932 814
432 35
1555 1003
2009 1140
660 1542
1166 2273
753 686
1320 389
591 999
1863 2240
601 943
2202 412
1953 1711
938 1687
340 1208
1077 1244
425 1235
2300 546
601 645
1534 1223
2055 2266
320 2218
2290 2055
1907 1864
1723 1875
76 489
1883 77
2027 2338
2224 1367
998 1715
116 1338
132 300
923 170
1005 843
1289 257
2194 1599
1637 1560
1089 1873
819 1476
1600 1359
1039 195
894 1856
1207 1398
84 1682
1492 1707
1919 1206
1146 1225
611 1387
644 956
1160 266
1398 1761
336 1013
145 497
2189 125
1101 437
1887 910
1804 1645
221 1506
1185 965
2333 1781
1922 1612
1976 138
1098 1985
1340 785
472 983
2093 1483
2287 1728
1935 883
1213 1884
470 300
1820 2302
1053 1478
1086 2067
1214 1161
586 556
1730 1393
1382 384
1458 975
430 2301
919 1146
1823 120
2171 834
1897 1700
1186 726
1172 1165
2076 1822
1609 550
598 1899
1357 1454
111 725
563 1136
106 1067
287 684
985 1623
81 690
1452 1252
1068 82
2301 133
2129 52
1774 752
1338 502
1083 1548
406 766
1934 2096
396 33
252 1214
2188 277
1560 1792
341 1777
1196 122
1512 981
1034 1299
1426 669
2148 773
889 2069
348 1358
1473 1156
2055 1839
1832 591
531 1922
111 1576
463 1533
2120 1538
604 931
1994 231
193 1805
2120 1607
639 1790
538 2073
788 546
1249 955
1847 2015
563 660
2332 182
751 169
159 828
1947 155
69 1364
1353 1168
1182 54
2162 1282
1359 1610
37 2086
1503 772
942 2303
2026 97
833 1142
52 2026
1240 2181
1899 1998
2337 170
2041 1997
278 336
2306 73
707 902
1795 1039
368 1561
386 1942
39 458
646 1237
143 380
1977 2260
1559 564
1280 1547
134 1509
1186 1046
1781 1188
322 1314
2237 741
1101 946
1990 2284
706 1445
1997 45
2238 1028
32 1961
1205 84
2183 1002
704 1358
349 1045
1832 478
2240 1305
867 847
1006 1875
2031 2149
1224 69
